"TOA5","Chapada_High","CR1000X","73483","CR1000X.8.5.0","CPU:Brazil_beta_v031126v6-new.CR1X","30956","Teros12Table"
"TIMESTAMP","RECORD","PB","Statname","BattV_Avg","Teros12(1,1)","Teros12(1,2)","Teros12(1,3)","Teros12(2,1)","Teros12(2,2)","Teros12(2,3)","Teros12(3,1)","Teros12(3,2)","Teros12(3,3)","Teros12(4,1)","Teros12(4,2)","Teros12(4,3)","Teros12(5,1)","Teros12(5,2)","Teros12(5,3)","Teros12(6,1)","Teros12(6,2)","Teros12(6,3)","Teros12(7,1)","Teros12(7,2)","Teros12(7,3)","Teros12(8,1)","Teros12(8,2)","Teros12(8,3)","Teros12(9,1)","Teros12(9,2)","Teros12(9,3)"
"TS","RN","","","Volts","","","","","","","","","","","","","","","","","","","","","","","","","","",""
"","","Smp","Smp","Avg","Smp","Smp","Smp","Smp","Smp","Smp","Smp","Smp","Smp","Smp","Smp","Smp","Smp","Smp","Smp","Smp","Smp","Smp","Smp","Smp","Smp","Smp","Smp","Smp","Smp","Smp","Smp"
"2026-10-01 01:30:00",4572,801,"Chapada_High",11.88,2025.71,20.7,0,2019.36,20,0,2069.69,20.4,0,1957.15,20.4,1,2154.46,20.6,0,2018.84,20.3,0,1987.25,20.8,0,1956.15,20.4,0,1959.12,20.4,0
"2026-10-01 01:45:00",4573,801,"Chapada_High",11.88,2025.54,20.6,0,2019.62,19.9,0,2068.91,20.3,0,1956.89,20.4,0,2154.64,20.4,0,2019.23,20.2,0,1987.96,20.7,0,1954.05,20.4,0,1959.41,20.3,0
"2026-10-01 02:00:00",4574,801,"Chapada_High",11.88,2025.92,20.5,0,2019.17,19.8,0,2069.73,20.3,0,1957.43,20.3,0,2154.55,20.2,0,2018.78,20,0,1988.41,20.7,0,1955.82,20.3,0,1959.57,20.2,0
"2026-10-01 02:15:00",4575,801,"Chapada_High",11.88,2026.24,20.4,0,2019.19,19.6,0,2070.88,20.2,0,1958.57,20.2,0,2155.03,19.9,0,2018.61,19.9,0,1987.6,20.6,0,1955.83,20.2,0,1959.81,20.1,0
"2026-10-01 02:30:00",4576,801,"Chapada_High",11.87,2026.89,20.3,0,2020.3,19.6,10,2070.49,20.1,0,1958.63,20.1,0,2155.17,19.8,0,2019.31,19.8,0,1988.49,20.5,0,1954.5,20,0,1959.86,20,0
"2026-10-01 02:45:00",4577,801,"Chapada_High",11.88,2026.72,20.3,0,2019.74,19.5,0,2071.62,20,0,1959.32,20,0,2156.08,19.8,0,2019.08,19.7,0,1987.98,20.4,0,1956.72,20,0,1960.11,19.9,0
"2026-10-01 03:00:00",4578,801,"Chapada_High",11.87,2026.26,20.2,0,2020.1,19.5,0,2071.67,19.9,0,1959.04,19.9,0,2155.26,20,0,2019.25,19.7,0,1987.39,20.4,0,1954.32,20,0,1959.57,19.9,0
"2026-10-01 03:15:00",4579,801,"Chapada_High",11.88,2026.24,20.2,0,2020.33,19.4,0,2071.97,19.9,0,1959.05,19.8,0,2155.71,20,0,2019.72,19.6,0,1988.34,20.3,0,1956.62,19.8,0,1960.35,19.9,1
"2026-10-01 03:30:00",4580,801,"Chapada_High",11.87,2026.5,20.1,0,2020.54,19.4,0,2071.38,19.8,0,1959.42,19.9,0,2154.89,19.8,0,2019.67,19.6,0,1988.05,20.2,0,1956.65,19.8,0,1960.99,19.8,0
"2026-10-01 03:45:00",4581,801,"Chapada_High",11.87,2026.22,20.1,0,2020.49,19.5,0,2072.39,19.8,0,1959.82,19.9,0,2154.88,20,0,2020.75,19.6,0,1988.5,20.2,0,1954.53,19.8,0,1960.38,19.8,0
"2026-10-01 04:00:00",4582,801,"Chapada_High",11.87,2027.37,20,0,2019.66,19.3,0,2072.65,19.7,0,1958.26,20,0,2155.52,19.8,0,2019.76,19.6,0,1987.98,20.1,0,1955.44,19.7,0,1960.02,19.7,0
"2026-10-01 04:15:00",4583,801,"Chapada_High",11.87,2026.75,19.8,0,2020.52,19.2,0,2072.97,19.6,0,1958.94,19.8,0,2156.02,19.5,0,2020.15,19.3,0,1988.46,20,0,1956.78,19.5,0,1960.58,19.5,0
"2026-10-01 04:30:00",4584,801,"Chapada_High",11.88,2027.25,19.7,0,2020.89,19.1,0,2072.94,19.5,0,1959.29,19.7,0,2155.69,19.3,0,2021,19.3,0,1988.51,19.9,0,1955.47,19.5,0,1960.92,19.4,0
"2026-10-01 04:45:00",4585,801,"Chapada_High",11.88,2026.73,19.7,0,2019.95,19.1,0,2073.06,19.4,0,1958.78,19.7,0,2156.11,19.3,0,2020.91,19.3,0,1988.25,19.9,0,1957.69,19.5,0,1961.44,19.4,0
"2026-10-01 05:00:00",4586,801,"Chapada_High",11.88,2027.74,19.7,0,2019.72,19.1,0,2072.81,19.4,0,1958.77,19.8,0,2155.43,19.4,0,2020.3,19.4,0,1986.82,19.9,0,1957.46,19.4,0,1962.21,19.4,0
"2026-10-01 05:15:00",4587,801,"Chapada_High",11.88,2027.17,19.7,0,2020.43,19.1,0,2073.14,19.3,0,1958.83,19.8,0,2156.54,19.3,0,2021.01,19.3,0,1988.94,19.9,0,1955.69,19.5,0,1960.94,19.4,0
"2026-10-01 05:30:00",4588,801,"Chapada_High",11.87,2027.49,19.6,0,2020.63,19,0,2072.45,19.3,0,1959.58,19.8,0,2155.23,19.3,0,2020.87,19.3,0,1989.05,19.8,0,1956.04,19.4,0,1961.79,19.4,0
"2026-10-01 05:45:00",4589,801,"Chapada_High",11.88,2028,19.6,0,2020.87,19,0,2073.39,19.3,0,1960.55,19.9,0,2156.41,19.3,0,2021.03,19.3,0,1988.5,19.8,0,1957.53,19.4,0,1961.64,19.4,0
"2026-10-01 06:00:00",4590,801,"Chapada_High",11.87,2027.78,19.5,0,2021.27,18.9,3,2073.92,19.2,0,1959.85,19.7,0,2155.92,19.1,0,2021.22,19.1,0,1986.78,19.7,1,1957.57,19.3,0,1960.99,19.3,0
"2026-10-01 06:15:00",4591,801,"Chapada_High",11.88,2028.4,19.4,0,2021.15,18.8,0,2073.97,19.1,0,1960.1,19.6,0,2156.25,19,0,2021.59,19,0,1988.41,19.7,0,1957.46,19.2,0,1962.01,19.2,0
"2026-10-01 06:30:00",4592,801,"Chapada_High",11.87,2028.41,19.3,0,2020.57,18.8,0,2074.09,19,0,1960.02,19.6,0,2156.48,19,0,2021.75,19,0,1986.71,19.6,0,1957.79,19.2,0,1961.68,19.1,0
"2026-10-01 06:45:00",4593,801,"Chapada_High",11.88,2026.9,19.5,0,2020.31,19,10,2074.63,19.1,0,1959.9,19.7,0,2157.13,19.3,0,2021.33,19.2,0,1987.02,19.7,0,1958.57,19.4,0,1961.44,19.3,0
"2026-10-01 07:00:00",4594,801,"Chapada_High",11.88,2027.93,19.8,0,2020.64,19.4,0,2075.34,19.4,0,1959.93,20.1,0,2156.66,19.8,0,2021.63,19.7,0,1988.71,19.9,0,1957.08,19.9,0,1961.69,19.8,0
"2026-10-01 07:15:00",4595,801,"Chapada_High",11.88,2027.79,20.5,0,2021.11,20.1,0,2074.68,19.9,0,1960.31,20.8,0,2156.47,20.7,0,2021.76,20.4,0,1989.58,20.3,0,1957.02,20.6,10,1961.07,20.3,0
"2026-10-01 07:30:00",4596,801,"Chapada_High",11.88,2027,21.1,0,2021.02,21.2,0,2075.55,20.5,0,1959.25,21.7,0,2155.4,21.9,0,2021.89,21.4,0,1989.2,20.8,0,1958.98,21.6,0,1960.53,21.1,0
"2026-10-01 07:45:00",4597,801,"Chapada_High",11.88,2027.15,21.8,0,2021.53,21.9,0,2073.78,21.3,0,1957.83,22.7,0,2155.41,23.1,0,2021.99,22.5,0,1990.01,21.5,0,1959.74,22.7,0,1958.18,22,0
"2026-10-01 08:00:00",4598,801,"Chapada_High",11.88,2025.64,22.4,0,2020.99,22.8,0,2073.08,21.9,0,1957.3,23.9,0,2155.19,24.7,0,2021.93,23.5,0,1988.61,22.2,0,1959.31,23.8,0,1958.24,23,0
"2026-10-01 08:15:00",4599,801,"Chapada_High",11.87,2024.43,23.2,0,2020.22,23.9,0,2073.2,22.6,0,1956.3,24.9,0,2154.75,25.8,0,2022.21,25.2,0,1988.91,23.1,0,1958.98,25,0,1957.01,24,0
"2026-10-01 08:30:00",4600,801,"Chapada_High",11.88,2024.55,23.9,0,2021.43,24.9,0,2072.55,23.3,0,1954.83,25.9,0,2155,26.7,0,2022.44,25.8,0,1989.71,24.2,0,1958.06,26.1,0,1956.05,24.8,0
"2026-10-01 08:45:00",4601,801,"Chapada_High",11.88,2024.41,24.7,0,2022.04,25.7,0,2072.76,24,0,1953.27,27.2,0,2153.81,27.5,0,2021.96,26.4,0,1989.03,25,0,1957.8,27.9,0,1955.31,25.7,0
"2026-10-01 09:00:00",4602,801,"Chapada_High",11.88,2024.11,25.7,0,2020.82,26.3,0,2071.86,24.7,0,1952.82,28.2,0,2152.22,28.2,0,2022.35,27,0,1989.44,25.7,0,1956.8,28.8,0,1954.18,26.8,0
"2026-10-01 09:15:00",4603,801,"Chapada_High",11.88,2023.74,26.8,0,2019.61,27.4,0,2071.07,25.5,0,1952.14,29.2,0,2153.11,29,0,2020.99,27.8,0,1988.94,26.4,0,1955.25,29.9,0,1953.64,27.2,0
"2026-10-01 09:30:00",4604,801,"Chapada_High",11.88,2024.02,27.3,0,2018.91,28.2,0,2070.97,26.9,0,1951.21,29.9,0,2152.47,29.6,0,2020.51,28.7,0,1987.07,27.2,0,1955.99,31,0,1953.67,27.7,0
"2026-10-01 09:45:00",4605,801,"Chapada_High",11.88,2024.36,27.9,0,2020.02,28.8,0,2069.62,27.9,0,1949.62,31.5,0,2151.66,30.3,0,2019.95,29.8,0,1987.03,28,0,1955.44,32.4,0,1953.81,28.4,0
"2026-10-01 10:00:00",4606,801,"Chapada_High",11.88,2024.22,28.7,0,2019.06,29.6,0,2068.81,28.7,0,1949.46,32.1,0,2150.8,31.8,0,2019.95,31.1,0,1986.99,28.9,0,1956.25,33.8,0,1953.93,29.1,0
"2026-10-01 10:15:00",4607,801,"Chapada_High",11.87,2023.61,29.5,0,2019.14,30.5,0,2069.57,29.6,0,1949.3,33,0,2150.42,32.1,0,2018.95,32.7,0,1987.62,29.9,0,1954.73,34.9,0,1951.75,29.8,8
"2026-10-01 10:30:00",4608,801,"Chapada_High",11.88,2022.55,30.3,0,2018.13,31.3,0,2068.34,30.3,0,1947.73,34,0,2149.42,32.7,0,2018.96,33.3,0,1987.04,31.1,0,1954.49,36.5,0,1952.11,30.5,0
"2026-10-01 10:45:00",4609,801,"Chapada_High",11.88,2021.22,31.1,0,2017.37,32.1,0,2066.31,30.8,0,1946.31,35.2,0,2148.24,33.5,0,2017.2,34,0,1986.57,31.8,0,1954.21,37.2,0,1951.1,31.8,0
"2026-10-01 11:00:00",4610,801,"Chapada_High",11.88,2021.24,32.5,0,2017.39,32.7,0,2066.08,31.3,0,1944.24,36.5,0,2147.17,34.3,0,2017.14,34.7,0,1986.07,32.7,0,1952.44,37.4,0,1950.94,32.4,5
"2026-10-01 11:15:00",4611,801,"Chapada_High",11.88,2021.19,31.2,0,2016.67,31.8,0,2065.02,30.2,0,1945.78,34.1,0,2149.06,32.8,0,2017.6,32.8,0,1986.21,31.9,0,1954.27,35.1,0,1951.94,31.4,0
"2026-10-01 11:30:00",4612,801,"Chapada_High",11.88,2021.71,30.1,0,2016.43,30.4,0,2065.65,29.6,0,1946.48,32.6,0,2150.01,31.9,0,2018.46,31.4,0,1986.6,31,0,1952.4,33.2,0,1950.41,30.5,0
"2026-10-01 11:45:00",4613,801,"Chapada_High",11.88,2021.91,29.9,0,2016.05,30.2,0,2062.74,29.2,0,1947.48,32.7,0,2148.63,32.4,0,2017.69,31.2,0,1986.68,31,0,1953.38,32.8,0,1950.2,30.5,0
"2026-10-01 12:00:00",4614,801,"Chapada_High",11.88,2021.36,31.4,0,2015.3,32,0,2063.73,30.6,0,1944.52,35.5,0,2145.7,34.8,0,2016.61,33.6,0,1984.82,33.9,0,1951.68,34.1,0,1949.37,32.2,0
"2026-10-01 12:15:00",4615,801,"Chapada_High",11.88,2021.05,30.7,0,2016.26,30.9,0,2063.25,30,0,1945.96,33.6,0,2146.09,33.2,0,2018.07,32.1,0,1985.29,33,0,1952.59,33.1,0,1949.15,31.5,0
"2026-10-01 12:30:00",4616,801,"Chapada_High",11.88,2020.56,30.2,0,2016.35,30.3,0,2062.45,29.6,0,1946.15,33,0,2148.54,32.5,0,2017.91,31.3,0,1985.55,32.3,0,1953.37,32.7,0,1948.96,31.1,0
"2026-10-01 12:45:00",4617,801,"Chapada_High",11.88,2020.7,29.4,0,2016.16,29.4,0,2059.61,28.7,0,1947.82,31.1,0,2148.82,31.1,0,2017.57,30.2,0,1986.57,30.9,0,1952.89,31.5,0,1949.73,30.4,0
"2026-10-01 13:00:00",4618,801,"Chapada_High",11.88,2020.33,28.1,0,2014.97,28.6,0,2060.21,27.4,0,1948.93,28.5,0,2151.52,28.4,0,2017.48,28,0,1986.77,28.9,0,1951.97,28.8,0,1949.63,28.3,0
"2026-10-01 13:15:00",4619,801,"Chapada_High",11.88,2021.87,26.5,0,2017.59,26.8,0,2058.65,26.2,0,1950.61,26.3,0,2154.04,25.8,0,2013.59,25.6,0,1987.81,26.9,0,1951.94,26.5,0,1950.16,26,0
"2026-10-01 13:30:00",4620,801,"Chapada_High",11.88,2022.03,25.4,0,2016.23,25,0,2058.69,25.4,0,1951.12,25.4,0,2152.87,24.7,0,2015.31,24.2,0,1989.88,25.9,0,1951.55,25.4,0,1951.97,24.9,0
"2026-10-01 13:45:00",4621,801,"Chapada_High",11.88,2023.24,24.7,0,2016.5,24,0,2058.69,24.7,0,1951.16,24.4,0,2152.66,24.3,0,2015.15,23.6,0,1989.96,25.1,0,1952.5,24.5,0,1951.93,24.2,0
"2026-10-01 14:00:00",4622,801,"Chapada_High",11.88,2022.14,24.6,0,2016.75,23.8,0,2059.73,24.3,0,1951.98,24.1,0,2152.67,24.3,0,2016.68,23.8,0,1989.96,24.7,0,1953.12,24.4,0,1952.82,24,0
"2026-10-01 14:15:00",4623,801,"Chapada_High",11.88,2022.39,25,0,2016.71,24.4,0,2059.3,24.6,0,1952,24.7,0,2152.7,25.2,0,2017.55,24.1,0,1989.87,25.1,0,1955.21,25.4,0,1952.62,24.4,0
"2026-10-01 14:30:00",4624,801,"Chapada_High",11.88,2021.6,25.8,0,2017.92,25.6,0,2059.9,25.3,0,1950.3,25.6,0,2152.14,26.6,0,2019.12,25.1,0,1989.36,25.5,0,1955.01,26.3,0,1952.03,26,1
"2026-10-01 14:45:00",4625,801,"Chapada_High",11.88,2021.6,27.4,0,2018.21,27,0,2059.21,26.2,0,1951.79,26.7,0,2151.44,28.1,0,2018.73,26.5,0,1988.11,26.2,0,1953.59,27.2,0,1950.93,26.8,0
"2026-10-01 15:00:00",4626,801,"Chapada_High",11.88,2021.83,27.7,0,2016.56,28.1,0,2058.39,26.7,0,1951.73,27.2,0,2150.42,29,0,2020.48,27.6,0,1989.66,26.6,1,1953.57,28,0,1950.14,27.2,0
"2026-10-01 15:15:00",4627,801,"Chapada_High",11.88,2021.43,28,0,2015.98,28.4,0,2058.18,27.5,0,1951.81,28.1,0,2150.7,29.7,0,2019.45,28.3,0,1987.72,27,0,1953.84,28.6,0,1950.59,28,0
"2026-10-01 15:30:00",4628,801,"Chapada_High",11.88,2021.91,28.3,0,2015.88,28.7,0,2057.33,27.6,0,1951.41,29.1,0,2150.12,30.8,0,2019.59,28.9,0,1987.59,27.5,0,1954.26,29.2,0,1951.17,28.7,0
"2026-10-01 15:45:00",4629,801,"Chapada_High",11.88,2022.19,28.6,2,2015.53,29,0,2057.26,27.8,0,1950.22,29.4,0,2150.4,31,0,2019.41,30,0,1987.03,28.1,0,1953.74,29.6,0,1951.24,29.2,0
"2026-10-01 16:00:00",4630,801,"Chapada_High",11.88,2021.94,28.8,0,2014.95,29.2,0,2056.95,27.9,0,1949.75,29.8,0,2149.87,31.1,0,2018.9,29.8,0,1987.52,28.8,0,1953.28,29.8,0,1950.36,29.6,0
"2026-10-01 16:15:00",4631,801,"Chapada_High",11.88,2022.03,28.7,0,2016.72,29.2,0,2056.13,27.9,0,1949.65,29.8,0,2149.29,31,0,2018.2,29.6,0,1987.3,29,0,1955.05,30.4,0,1951.69,29.7,0
"2026-10-01 16:30:00",4632,801,"Chapada_High",11.88,2021.31,28.6,0,2015.27,28.8,0,2055.36,27.6,0,1950.26,29.4,0,2150.34,30.3,0,2017.44,29.2,0,1987.11,28.7,0,1953.29,29.8,0,1951.29,29.6,0
"2026-10-01 16:45:00",4633,801,"Chapada_High",11.88,2020.97,28.3,0,2015.05,28.5,0,2054.93,27.4,0,1948.34,28.9,0,2150.5,29.8,0,2018.46,28.7,0,1987.9,28.3,0,1952.8,29.3,0,1951.19,28.9,0
"2026-10-01 17:00:00",4634,801,"Chapada_High",11.88,2020.6,27.9,0,2015.61,28.1,0,2054.48,27.2,0,1949.41,28.5,0,2150.18,29.2,0,2017.39,28.3,0,1987.96,27.9,0,1952.49,28.8,0,1951.13,28.3,0
"2026-10-01 17:15:00",4635,801,"Chapada_High",11.88,2020.72,27.6,0,2015.32,27.6,0,2053.72,26.9,0,1951.25,28.2,0,2150.67,28.7,0,2018.49,27.8,0,1987.86,27.6,0,1953.6,28.4,0,1950.84,27.8,0
"2026-10-01 17:30:00",4636,801,"Chapada_High",11.88,2021.07,27.3,0,2017.03,27.3,0,2053.76,26.7,0,1949.86,27.8,0,2151.16,28.4,0,2017.61,27.5,0,1987.69,27.3,0,1953.34,28,0,1951.33,27.5,0
"2026-10-01 17:45:00",4637,801,"Chapada_High",11.88,2021.48,27,0,2016.42,27,0,2053.15,26.4,0,1949.96,27.4,0,2150.79,27.9,0,2017.55,27.3,0,1986.91,27.1,0,1953.4,27.7,0,1950.82,27.2,0
"2026-10-01 18:00:00",4638,801,"Chapada_High",11.88,2020.68,26.7,0,2014.72,26.7,0,2053.31,26.1,0,1949.42,27,7,2151.05,27.5,0,2019.42,26.8,0,1988.37,26.8,0,1953.18,27.4,0,1950.77,26.8,0
"2026-10-01 18:15:00",4639,801,"Chapada_High",11.88,2021.39,26.3,0,2015.45,26.2,0,2053.04,25.7,0,1950.37,26.5,0,2151.52,26.8,0,2018.14,26.3,0,1987.83,26.4,0,1953.25,26.9,0,1951.11,26.4,0
"2026-10-01 18:30:00",4640,801,"Chapada_High",11.88,2021.68,26.1,0,2016.79,25.8,0,2052.17,25.4,0,1950.46,26.1,0,2151.69,26.3,0,2018.35,25.9,0,1989.92,26,0,1954.95,26.4,1,1951.39,26,0
"2026-10-01 18:45:00",4641,801,"Chapada_High",11.88,2022.18,25.6,0,2017.11,25.3,0,2052.66,25,0,1950.74,25.5,0,2152.08,25.7,0,2018.4,25.3,0,1990.05,25.6,0,1954.96,25.9,0,1952.22,25.4,0
"2026-10-01 19:00:00",4642,801,"Chapada_High",11.88,2022.1,25.2,0,2015.79,24.8,0,2051.31,24.6,0,1951.31,25.1,0,2152.74,25.1,0,2019.86,24.8,0,1990.37,25.2,0,1955.34,25.4,0,1952.68,24.9,0
"2026-10-01 19:15:00",4643,801,"Chapada_High",11.88,2022.83,24.8,0,2015.7,24.5,0,2051.59,24.3,0,1952.88,24.7,0,2153.04,24.7,0,2019.32,24.4,3,1989.31,24.9,0,1955.28,25,0,1952.17,24.5,0
"2026-10-01 19:30:00",4644,801,"Chapada_High",11.88,2023.03,24.7,0,2015.76,24.3,0,2051.96,24.1,0,1953.05,24.5,0,2151.87,24.5,0,2020.02,24.4,0,1989.62,24.6,0,1955.73,24.7,0,1952.82,24.3,0
"2026-10-01 19:45:00",4645,801,"Chapada_High",11.88,2022.04,24.6,0,2016.16,24.3,0,2051.14,24,0,1952.58,24.5,0,2152.16,24.5,0,2019.32,24.2,0,1990.8,24.5,0,1955.66,24.7,0,1953.57,24.2,0
"2026-10-01 20:00:00",4646,801,"Chapada_High",11.88,2022.58,24.5,0,2016.2,24.2,0,2051.54,23.9,0,1952.5,24.4,0,2151.99,24.4,0,2019.47,24.1,0,1989.97,24.3,0,1955.43,24.5,0,1954.99,24.1,0
"2026-10-01 20:15:00",4647,801,"Chapada_High",11.88,2022.76,24.3,0,2016.26,24,0,2050.7,23.7,0,1953.85,24.2,0,2152.22,24.1,0,2019.98,23.9,0,1989.81,24.1,0,1956.68,24.3,0,1954.17,23.9,0
"2026-10-01 20:30:00",4648,801,"Chapada_High",11.88,2022.26,24.1,0,2016.51,23.8,0,2050.15,23.5,0,1953.42,24,0,2152.55,23.9,0,2019.58,23.7,0,1990.52,24,0,1956.24,24.1,0,1953.89,23.7,0
"2026-10-01 20:45:00",4649,801,"Chapada_High",11.88,2023.17,23.9,0,2016.28,23.7,0,2049.74,23.4,0,1954.36,23.9,0,2152.54,23.8,0,2020.86,23.6,0,1990.75,23.8,0,1954.89,24,0,1954.1,23.5,5
"2026-10-01 21:00:00",4650,801,"Chapada_High",11.88,2023.03,23.9,0,2016.32,23.6,0,2049.41,23.3,0,1952.07,23.8,0,2152.69,23.7,0,2020.5,23.5,0,1990.36,23.7,0,1956.55,23.9,0,1954.53,23.4,0
"2026-10-01 21:15:00",4651,801,"Chapada_High",11.88,2022.61,23.8,0,2016.42,23.6,0,2050.45,23.2,0,1952.23,23.7,0,2152.79,23.7,0,2020.89,23.5,0,1990.41,23.7,0,1955.88,23.8,0,1954.93,23.4,0
"2026-10-01 21:30:00",4652,801,"Chapada_High",11.88,2023.41,23.8,0,2016.98,23.5,0,2049.24,23.2,0,1952.15,23.7,0,2152.81,23.7,0,2020.57,23.5,0,1989.84,23.7,0,1956.31,23.8,0,1955.36,23.4,6
"2026-10-01 21:45:00",4653,801,"Chapada_High",11.88,2023.48,23.7,0,2016.33,23.4,0,2048.87,23.1,0,1952.02,23.6,0,2152.8,23.6,0,2020.95,23.4,0,1990.78,23.7,0,1956.6,23.7,0,1955.01,23.3,0
"2026-10-01 22:00:00",4654,801,"Chapada_High",11.88,2023.18,23.6,0,2016.79,23.3,0,2049.79,23,0,1952.8,23.5,0,2153.1,23.5,0,2020.93,23.3,0,1991.02,23.6,0,1956.46,23.6,0,1955.13,23.3,0
"2026-10-01 22:15:00",4655,801,"Chapada_High",11.88,2023.47,23.5,0,2016.76,23.3,0,2049.34,22.9,0,1952.16,23.5,0,2153.3,23.4,0,2020.74,23.2,0,1990.55,23.5,0,1957.38,23.5,0,1954.88,23.2,0
"2026-10-01 22:30:00",4656,801,"Chapada_High",11.87,2023.25,23.4,0,2016.87,23.2,0,2049.23,22.9,0,1952.01,23.4,0,2153.54,23.4,0,2021.41,23.1,0,1991.33,23.4,0,1956.71,23.4,0,1954.73,23.1,0
"2026-10-01 22:45:00",4657,801,"Chapada_High",11.88,2022.87,23.3,0,2017,23.1,0,2048.53,22.8,0,1951.72,23.3,0,2153.82,23.3,0,2021.43,23.1,0,1991.04,23.4,2,1956.9,23.4,0,1955.51,23,0
"2026-10-01 23:00:00",4658,801,"Chapada_High",11.88,2023.08,23.2,0,2016.22,23,0,2048.55,22.7,0,1952.66,23.2,0,2154.45,23.1,0,2020.9,22.9,0,1990.67,23.3,0,1955.69,23.2,0,1955.81,22.8,0
"2026-10-01 23:15:00",4659,801,"Chapada_High",11.88,2023.73,23,0,2016.77,22.8,0,2048.91,22.5,0,1952.73,23,0,2153.34,22.8,0,2020.75,22.7,0,1991.22,23.2,0,1956.23,23,0,1955.77,22.7,0
"2026-10-01 23:30:00",4660,801,"Chapada_High",11.88,2024.37,22.9,0,2017.08,22.6,0,2048.14,22.4,0,1953.59,22.8,0,2154.49,22.7,0,2021.18,22.6,0,1990.63,23.1,1,1956.79,22.9,0,1955.66,22.5,0
"2026-10-01 23:45:00",4661,801,"Chapada_High",11.88,2024.06,22.9,0,2017.48,22.6,0,2048.67,22.4,0,1954.04,22.8,0,2154.86,22.7,0,2020.96,22.6,0,1991.24,23,0,1956.81,22.8,0,1956.81,22.5,0
"2026-10-02 00:00:00",4662,801,"Chapada_High",11.88,2024.04,22.8,6,2016.58,22.6,8,2047.73,22.3,0,1953.27,22.8,0,2154.85,22.6,0,2021.17,22.5,0,1991.15,22.9,0,1956.89,22.7,0,1956.31,22.5,0
"2026-10-02 00:15:00",4663,801,"Chapada_High",11.88,2024.06,22.8,0,2016.9,22.5,0,2048.16,22.3,0,1953.27,22.7,0,2155.14,22.4,0,2021.64,22.4,0,1991.63,22.9,0,1957.5,22.7,0,1956.21,22.4,0
"2026-10-02 00:30:00",4664,801,"Chapada_High",11.88,2024.36,22.7,0,2017.27,22.4,0,2047.21,22.2,11,1953.56,22.6,0,2155.57,22.3,0,2022.76,22.3,0,1991.5,22.8,0,1957.56,22.6,0,1956.31,22.3,0
"2026-10-02 00:45:00",4665,801,"Chapada_High",11.88,2024.58,22.6,0,2017.18,22.4,0,2047.28,22.2,0,1953.65,22.6,0,2155.85,22.5,0,2022.38,22.3,0,1990.58,22.7,0,1957.36,22.5,0,1957,22.2,0
"2026-10-02 01:00:00",4666,801,"Chapada_High",11.88,2025.51,22.6,0,2016.81,22.4,0,2047.29,22.1,0,1953.23,22.6,0,2156.36,22.5,0,2022.08,22.3,0,1991.95,22.7,0,1957.91,22.5,5,1956.91,22.2,0
"2026-10-02 01:15:00",4667,801,"Chapada_High",11.88,2025.18,22.6,0,2017.56,22.4,0,2046.7,22.1,0,1954.34,22.5,0,2155.7,22.5,0,2022.05,22.3,0,1990.69,22.6,0,1957.78,22.4,0,1956.89,22.2,0
"2026-10-02 01:30:00",4668,801,"Chapada_High",11.88,2025.17,22.5,0,2017.69,22.3,0,2047.36,22,0,1953.68,22.5,0,2156.42,22.4,0,2022,22.3,0,1991.51,22.6,0,1957.47,22.4,0,1957.4,22.1,0
"2026-10-02 01:45:00",4669,801,"Chapada_High",11.88,2025.55,22.5,0,2017.35,22.3,0,2046.86,22,0,1953.75,22.5,0,2156.25,22.3,0,2022.14,22.2,0,1992.04,22.5,0,1957,22.3,0,1956.92,22.1,0
"2026-10-02 02:00:00",4670,801,"Chapada_High",11.88,2025.11,22.4,0,2017.62,22.2,0,2045.82,21.9,0,1953.57,22.4,0,2155.64,22.3,0,2022.09,22.2,0,1991.54,22.5,0,1957.62,22.3,0,1956.93,22,0
"2026-10-02 02:15:00",4671,801,"Chapada_High",11.88,2025.53,22.4,0,2017.85,22.2,0,2046.09,21.9,0,1953.15,22.4,0,2155.8,22.4,0,2022.57,22.2,0,1991.4,22.4,0,1957.93,22.3,0,1957.78,22,0
"2026-10-02 02:30:00",4672,801,"Chapada_High",11.88,2025.86,22.3,0,2017.42,22,0,2045.49,21.8,0,1953.12,22.2,0,2156.47,22.1,0,2022.56,22,0,1991.89,22.4,0,1958.18,22.1,0,1956.81,21.9,0
"2026-10-02 02:45:00",4673,801,"Chapada_High",11.87,2025.76,22.1,8,2017.45,21.8,0,2045.95,21.7,0,1953.5,22.1,0,2155.12,21.9,0,2022.15,21.8,0,1992.37,22.3,0,1956.31,22,0,1957.1,21.7,0
"2026-10-02 03:00:00",4674,801,"Chapada_High",11.88,2026.09,22,0,2018.38,21.8,0,2046.25,21.6,0,1954.05,22,0,2154.72,21.8,0,2022.33,21.7,0,1991.3,22.2,0,1958.55,21.9,0,1958,21.6,0
"2026-10-02 03:15:00",4675,801,"Chapada_High",11.87,2026.14,22,0,2017.93,21.7,0,2047.62,21.5,0,1954,21.9,1,2155.93,21.9,0,2022.95,21.7,0,1991.93,22.1,0,1958.34,21.8,0,1957.98,21.6,0
"2026-10-02 03:30:00",4676,801,"Chapada_High",11.88,2025.87,21.9,0,2018.09,21.7,0,2045.63,21.5,0,1953.08,21.9,0,2155.54,22,0,2022.26,21.7,0,1992.32,22.1,0,1958.77,21.8,0,1959.32,21.5,0
"2026-10-02 03:45:00",4677,801,"Chapada_High",11.88,2026.01,21.9,0,2017.7,21.6,0,2044.92,21.4,0,1953.58,21.8,0,2155.76,21.7,0,2022.45,21.6,0,1992.5,22,0,1958.67,21.7,0,1958.11,21.4,0
"2026-10-02 04:00:00",4678,801,"Chapada_High",11.88,2026.93,21.7,0,2018.15,21.5,2,2044.58,21.3,0,1954.12,21.6,0,2155.42,21.4,0,2023.5,21.3,0,1992.9,21.9,0,1956.86,21.5,0,1957.97,21.3,0
"2026-10-02 04:15:00",4679,801,"Chapada_High",11.88,2026.59,21.6,0,2018.18,21.4,0,2044.86,21.3,0,1954.28,21.6,0,2155.57,21.3,0,2022.63,21.2,0,1991.9,21.8,0,1958.37,21.4,4,1958.95,21.2,0
"2026-10-02 04:30:00",4680,801,"Chapada_High",11.88,2026.43,21.7,0,2018.34,21.5,0,2044.05,21.3,0,1953.57,21.8,0,2155.05,21.5,0,2022.59,21.5,0,1991.96,21.8,2,1956.76,21.5,0,1958.65,21.3,0
"2026-10-02 04:45:00",4681,801,"Chapada_High",11.88,2026.29,21.8,0,2019.33,21.6,0,2046.27,21.3,0,1953.45,21.9,0,2155.6,21.6,0,2023.26,21.6,0,1992.87,21.8,0,1957,21.6,0,1957.88,21.4,0
"2026-10-02 05:00:00",4682,801,"Chapada_High",11.88,2026.33,21.8,0,2017.93,21.6,0,2044.94,21.3,0,1953.61,21.9,0,2155.8,21.6,0,2023.61,21.6,0,1992.55,21.8,0,1957.14,21.6,0,1958.31,21.4,0
"2026-10-02 05:15:00",4683,801,"Chapada_High",11.88,2025.89,21.7,0,2018.66,21.6,0,2046.89,21.2,0,1953.68,21.8,0,2155.89,21.5,0,2022.86,21.5,0,1992.23,21.7,0,1959.59,21.5,0,1958.79,21.3,0
"2026-10-02 05:30:00",4684,801,"Chapada_High",11.87,2026.54,21.6,0,2018.04,21.5,2,2046.24,21.1,0,1954.37,21.8,0,2156.64,21.4,0,2023.09,21.4,0,1992.45,21.7,0,1957.22,21.5,0,1959,21.3,0
"2026-10-02 05:45:00",4685,801,"Chapada_High",11.87,2026.86,21.6,0,2018.88,21.4,0,2043.96,21.1,0,1954.6,21.7,0,2155.72,21.4,0,2023.36,21.4,0,1992.7,21.6,0,1957.25,21.4,0,1959.12,21.2,0
"2026-10-02 06:00:00",4686,801,"Chapada_High",11.87,2026.76,21.4,0,2018.45,21.3,0,2045.85,20.9,7,1954.05,21.6,0,2155.71,21.1,0,2024.16,21.1,0,1992.84,21.5,0,1956.94,21.2,0,1959.31,21,0
"2026-10-02 06:15:00",4687,801,"Chapada_High",11.88,2026.12,21.4,0,2019.18,21.2,0,2043.76,20.9,0,1954.81,21.5,0,2155.18,21,0,2022.73,21.1,0,1993.23,21.4,0,1957.51,21.2,0,1958.78,20.9,0
"2026-10-02 06:30:00",4688,801,"Chapada_High",11.88,2027.28,21.3,0,2018.72,21.2,0,2044.87,20.9,0,1956.09,21.5,0,2156.36,21.2,0,2023.83,21.1,0,1992.55,21.4,0,1957.3,21.2,0,1959.53,21,0
"2026-10-02 06:45:00",4689,801,"Chapada_High",11.88,2026.97,21.5,0,2018.03,21.4,0,2045.01,21,0,1955.1,21.7,0,2156.55,21.3,0,2023.01,21.4,0,1992.33,21.4,0,1958.47,21.3,4,1959.37,21.1,0
"2026-10-02 07:00:00",4690,801,"Chapada_High",11.88,2026.79,21.6,0,2019.21,21.5,0,2044.78,21,0,1954.59,21.8,0,2155.22,21.6,0,2023.64,21.5,0,1992.41,21.6,0,1959.2,21.5,0,1959.72,21.2,0
"2026-10-02 07:15:00",4691,801,"Chapada_High",11.87,2027.67,21.7,0,2019.32,21.6,0,2042.2,21.1,0,1955.26,22,0,2155.65,21.7,0,2023.57,21.7,0,1992.64,21.7,0,1959.99,21.7,0,1960.19,21.4,0
"2026-10-02 07:30:00",4692,801,"Chapada_High",11.87,2026.46,21.9,0,2018.74,21.9,0,2042.55,21.3,0,1955.12,22.2,0,2155.12,22.1,0,2023.78,22,0,1992.79,21.8,0,1959.36,22,0,1959.06,21.7,0
"2026-10-02 07:45:00",4693,801,"Chapada_High",11.88,2027.01,22.2,0,2019.03,22.2,0,2042.53,21.6,0,1955.64,22.5,0,2157.33,22.5,0,2023.96,22.3,0,1992.96,22.1,0,1959.78,22.3,0,1958.47,22,1
"2026-10-02 08:00:00",4694,801,"Chapada_High",11.88,2025.76,22.5,0,2019.07,22.7,0,2042.09,22.1,0,1954.75,23.1,0,2155.97,23,0,2023.52,22.8,0,1993.02,22.5,0,1960.06,22.8,0,1958.21,22.5,0
"2026-10-02 08:15:00",4695,801,"Chapada_High",11.88,2025.71,22.9,0,2019.02,23.1,0,2042.08,22.4,0,1953,23.8,0,2155.69,23.5,0,2023.76,23.3,0,1993.93,23,0,1960.1,23.4,0,1957.67,23,0
"2026-10-02 08:30:00",4696,801,"Chapada_High",11.88,2025.5,23.2,0,2018.8,23.5,0,2041.38,22.8,0,1952.64,24.2,0,2154.63,24.3,0,2023.25,23.9,0,1992.59,23.4,0,1959.23,24,0,1956.81,23.4,0
"2026-10-02 08:45:00",4697,801,"Chapada_High",11.88,2024.85,23.8,0,2018.55,24.1,0,2041.96,23.3,0,1952.57,25,0,2154.91,24.9,0,2024.11,25,0,1993.29,24.2,0,1958.32,25,0,1955.92,24.1,0
"2026-10-02 09:00:00",4698,801,"Chapada_High",11.88,2024.91,23.8,0,2018.37,24,0,2040.89,23.4,0,1952.01,24.8,0,2154.59,24.6,0,2022.22,24.7,0,1993.18,24.4,0,1959.98,25,0,1956.1,24,0
"2026-10-02 09:15:00",4699,801,"Chapada_High",11.88,2025.15,23.7,0,2019.19,23.8,0,2040.85,23.3,0,1951.72,24.6,0,2154.96,24.4,0,2022.4,24.4,0,1993.15,24.3,0,1960.1,24.7,0,1955.47,24.1,0
"2026-10-02 09:30:00",4700,801,"Chapada_High",11.87,2025.09,24,0,2018.74,23.9,0,2040.15,23.4,0,1953.01,24.7,0,2154.44,24.4,0,2022.8,24.4,0,1992.93,24.4,0,1959.35,24.8,0,1955.68,24.1,0
"2026-10-02 09:45:00",4701,801,"Chapada_High",11.88,2025.42,23.7,0,2019.08,23.9,0,2039.31,23.3,0,1952.66,24.3,0,2154.8,24.1,0,2022.3,24.1,0,1993.01,24.3,0,1959.71,24.4,0,1955.98,23.8,1
"2026-10-02 10:00:00",4702,801,"Chapada_High",11.88,2025.73,23.6,0,2018.21,23.8,0,2039.92,23.4,0,1953.1,24.4,0,2154.66,24.2,0,2022.66,24.1,0,1993.34,24.3,0,1959.7,24.4,0,1955.59,23.8,0
"2026-10-02 10:15:00",4703,801,"Chapada_High",11.88,2025.47,24.3,0,2018.58,24.6,0,2039.57,24.1,0,1953.49,25.7,0,2155.31,25.8,0,2022.09,25.1,0,1992.98,25,0,1960.19,25.5,0,1955.49,24.7,0
"2026-10-02 10:30:00",4704,801,"Chapada_High",11.88,2025.21,26,0,2020.01,26.4,0,2038.8,25.9,0,1950.7,28.1,0,2153.82,27.5,0,2023.29,28.2,0,1991.17,26.7,0,1958.28,28.2,0,1953.64,26.3,0
"2026-10-02 10:45:00",4705,801,"Chapada_High",11.88,2024.71,26.4,0,2018.91,26.7,0,2038.33,26.2,0,1949.58,28.4,0,2153.83,27.7,0,2022.23,28.1,0,1990.62,27.7,0,1958.16,28.5,0,1953.05,26.9,0
"2026-10-02 11:00:00",4706,801,"Chapada_High",11.88,2024.05,26.5,0,2019.98,26.8,0,2038.11,26.3,0,1948.65,28.5,0,2153.7,27.9,0,2022.69,27.9,0,1990.2,27.9,0,1958.17,28.9,0,1953.71,27.3,0
"2026-10-02 11:15:00",4707,801,"Chapada_High",11.89,2023.83,27.3,0,2017.6,27.5,0,2036.99,26.9,0,1948.12,29.7,0,2153.17,28.8,0,2022.25,28.5,0,1990.62,28.6,0,1957.45,29.5,0,1950.87,28.5,0
"2026-10-02 11:30:00",4708,801,"Chapada_High",11.89,2024.37,28.6,0,2017.11,28.8,0,2036.03,28,0,1947.66,31.3,0,2151.64,30.3,0,2021.06,29.9,0,1990.6,29.7,0,1957.27,30.6,0,1953.17,29.3,0
"2026-10-02 11:45:00",4709,801,"Chapada_High",11.88,2023.66,29.7,0,2017.35,30.1,0,2035.3,29.3,0,1945.66,32.5,0,2152.04,31.8,0,2021.69,31.5,0,1989.91,30.7,0,1958.77,32.2,0,1951.76,30.8,0
"2026-10-02 12:00:00",4710,801,"Chapada_High",11.89,2023.55,30,0,2017.62,30.6,0,2036.57,29.8,0,1946.49,32.7,0,2152.28,32.2,0,2021.12,31.9,0,1990.41,31.2,0,1959.47,32.7,0,1951.19,31.4,0
"2026-10-02 12:15:00",4711,801,"Chapada_High",11.88,2022.53,29.7,0,2018.17,30.2,0,2035.95,29.7,1,1945.72,32.4,1,2152.57,31.5,0,2021.53,31.2,0,1989.42,31.5,1,1958.23,32.4,0,1949.44,31.4,0
"2026-10-02 12:30:00",4712,801,"Chapada_High",11.87,2023.83,28.7,0,2016.78,29,0,2033.46,28.7,0,1946.41,30.6,0,2152.38,29.8,0,2021.24,29.6,0,1990.24,30.5,0,1956.44,30.8,0,1949.82,29.9,0
"2026-10-02 12:45:00",4713,801,"Chapada_High",11.88,2022.32,27.8,0,2016.63,28.1,0,2032.58,27.8,0,1946.9,29.2,0,2152.66,28.5,0,2021.62,28.5,0,1990.14,29.4,0,1956.15,29.5,0,1949.98,28.7,0
