"TOA5","Chapada_Low","CR1000X","73482","CR1000X.8.5.1","CPU:Brazil_beta_v031126v6.CR1X","30956","Teros12Table"
"TIMESTAMP","RECORD","PB","Statname","BattV_Avg","Teros12(1,1)","Teros12(1,2)","Teros12(1,3)","Teros12(2,1)","Teros12(2,2)","Teros12(2,3)","Teros12(3,1)","Teros12(3,2)","Teros12(3,3)","Teros12(4,1)","Teros12(4,2)","Teros12(4,3)","Teros12(5,1)","Teros12(5,2)","Teros12(5,3)","Teros12(6,1)","Teros12(6,2)","Teros12(6,3)","Teros12(7,1)","Teros12(7,2)","Teros12(7,3)","Teros12(8,1)","Teros12(8,2)","Teros12(8,3)","Teros12(9,1)","Teros12(9,2)","Teros12(9,3)"
"TS","RN","","","Volts","","","","","","","","","","","","","","","","","","","","","","","","","","",""
"","","Smp","Smp","Avg","Smp","Smp","Smp","Smp","Smp","Smp","Smp","Smp","Smp","Smp","Smp","Smp","Smp","Smp","Smp","Smp","Smp","Smp","Smp","Smp","Smp","Smp","Smp","Smp","Smp","Smp","Smp"
"2026-09-29 11:15:00",8635,802,"Chapada_Low",11.81,2173.36,35.7,0,1922.89,34.8,0,1894.81,32.1,0,2257.42,29.7,0,2300.78,30.8,0,2057.39,31.8,0,1936.08,33,0,1843.87,38.1,0,1954.35,38.7,0
"2026-09-29 11:30:00",8636,802,"Chapada_Low",11.8,2174.58,35.9,0,1922.61,35.1,0,1894.86,33.4,0,2257.16,30.2,0,2299.99,31,0,2057.12,32.2,0,1935.06,33.2,0,1842.93,38.2,0,1953.6,39.9,0
"2026-09-29 11:45:00",8637,802,"Chapada_Low",11.81,2175.18,36.3,1,1922.93,35.4,0,1894.09,34.4,0,2254.65,32.1,0,2300.7,31.6,0,2056.06,33,0,1933.94,34.1,0,1842.8,38.3,0,1953.83,41.4,0
"2026-09-29 12:00:00",8638,802,"Chapada_Low",11.81,2175.53,36.5,0,1922.99,35.4,0,1893.55,34.9,0,2254.66,32.4,0,2299.02,32.1,0,2053.17,33.7,0,1933.63,34.6,0,1842.7,38.3,0,1953.17,42.7,0
"2026-09-29 12:15:00",8639,802,"Chapada_Low",11.81,2175.16,36.3,3,1922.76,34.7,0,1892.48,34.5,0,2254.52,32.5,0,2298.11,31.8,0,2054.49,33,0,1932.89,33.9,0,1842.63,37,0,1952.52,42.2,0
"2026-09-29 12:30:00",8640,802,"Chapada_Low",11.8,2174.95,36.2,0,1923.25,34.5,0,1892.42,34.5,0,2253.1,31.8,0,2298.95,32.2,0,2054.19,33,0,1932.66,33.7,0,1842,36.3,0,1952.03,41.1,0
"2026-09-29 12:45:00",8641,802,"Chapada_Low",11.82,2175.01,35.9,0,1922.55,34.2,0,1892.58,34.4,0,2253.45,31.3,0,2298.8,32.2,0,2053.48,33.5,0,1932.74,33.6,0,1842.42,35.9,0,1950.57,39.8,0
"2026-09-29 13:00:00",8642,802,"Chapada_Low",11.81,2173.07,35.6,0,1923.03,34.1,0,1892.78,34.3,0,2253.74,31,0,2298.49,32.3,0,2053.08,33,0,1932.65,34,0,1841.52,35.9,0,1949.9,39,0
"2026-09-29 13:15:00",8643,802,"Chapada_Low",11.8,2172.57,35.4,0,1922.19,34,0,1892.01,34.1,0,2253.65,30.9,0,2298.23,32.4,0,2052.07,32.7,0,1932.28,33.5,0,1841.57,35.9,0,1949.58,38.7,0
"2026-09-29 13:30:00",8644,802,"Chapada_Low",11.81,2174.24,36.1,0,1922.82,33.9,0,1892.56,34.1,0,2253.19,31.1,0,2298.45,32.5,0,2053.59,32.5,0,1932.25,33.4,0,1841.19,35.4,0,1949.64,38.9,0
"2026-09-29 13:45:00",8645,802,"Chapada_Low",11.81,2172.57,36.4,0,1922.19,34.5,0,1891.85,34.1,0,2251.76,31.3,0,2297.94,32.7,0,2052.3,32.4,0,1932.38,33.4,0,1841.26,35,0,1949.48,38.9,0
"2026-09-29 14:00:00",8646,802,"Chapada_Low",11.8,2173.24,37,0,1921.56,34.4,0,1890.71,35.3,0,2250.53,31.8,0,2296.6,32.8,0,2052.26,32.2,0,1931.08,33.6,0,1841.74,34.5,0,1948.5,39.6,0
"2026-09-29 14:15:00",8647,802,"Chapada_Low",11.81,2173.12,37.6,0,1922.32,34.3,0,1891.74,35.2,0,2251.21,33,0,2297.06,32.9,0,2051.64,32.2,0,1931.41,33.8,0,1842.16,34.1,0,1948.3,39.8,0
"2026-09-29 14:30:00",8648,802,"Chapada_Low",11.81,2172.52,38,0,1921.98,34.3,0,1890.72,35.6,0,2250.45,33,0,2295.71,33.6,0,2051.25,32.9,0,1931.53,34.1,0,1841.97,33.8,0,1948.12,39.7,0
"2026-09-29 14:45:00",8649,802,"Chapada_Low",11.81,2171.93,38.3,0,1921.29,34.6,0,1890.66,36.2,0,2249.89,33.2,0,2295.69,33.5,0,2050.35,33.4,0,1930.99,35.4,0,1841.66,33.8,0,1948.29,39.6,0
"2026-09-29 15:00:00",8650,802,"Chapada_Low",11.81,2172.28,37.9,0,1921.75,34.7,0,1889.94,35.8,0,2249.66,33,0,2295.39,33.1,0,2050.36,32.9,0,1929.95,34.9,0,1841.55,34.1,0,1948.3,38.7,0
"2026-09-29 15:15:00",8651,802,"Chapada_Low",11.81,2171.71,37.6,0,1922.2,34.8,0,1890.12,35.9,0,2249.83,32.9,2,2294.81,33.1,0,2049.85,32.8,0,1929.24,34.6,0,1841.95,33.7,0,1948.08,38.9,0
"2026-09-29 15:30:00",8652,802,"Chapada_Low",11.81,2172.14,37.1,0,1920.94,34.5,0,1889.85,35.4,0,2248.78,32.4,0,2294.76,32.7,0,2050.09,32.5,0,1929.5,34,0,1842.2,33.1,0,1948.84,37.7,0
"2026-09-29 15:45:00",8653,802,"Chapada_Low",11.82,2171.88,36.9,0,1921.04,35.2,0,1889.63,36,0,2250.01,32.7,0,2295.64,33.1,0,2049.67,32.9,0,1930.11,34.7,0,1841.9,33.2,0,1949.41,37.6,0
"2026-09-29 16:00:00",8654,802,"Chapada_Low",11.82,2172.24,36.6,0,1921.18,35.1,0,1889.29,36.3,0,2249.14,33.7,0,2295.19,33.2,0,2048.96,33.2,0,1928.73,35,0,1841.74,33.2,0,1949.43,37.5,0
"2026-09-29 16:15:00",8655,802,"Chapada_Low",11.81,2171.67,36.2,0,1920.39,34.9,0,1888.94,35.6,0,2247.53,33.2,0,2294.05,33.4,0,2049.17,33,0,1928.51,34.7,0,1842.23,33,0,1948.22,36.9,0
"2026-09-29 16:30:00",8656,802,"Chapada_Low",11.82,2171.56,35.6,0,1920.94,34.7,0,1889.4,35.1,0,2248.24,32.6,0,2294.51,33,0,2047.15,33.8,3,1929.6,34.6,0,1843.23,32.8,0,1948.11,36.3,0
"2026-09-29 16:45:00",8657,802,"Chapada_Low",11.82,2170.34,35.2,0,1920.62,34.5,0,1889.27,34.6,0,2247.84,32.1,0,2293.98,32.6,0,2048.1,33.1,0,1929.22,34.8,0,1842.37,32.8,0,1947.99,35.8,0
"2026-09-29 17:00:00",8658,802,"Chapada_Low",11.82,2170.12,34.7,0,1921.43,34.1,0,1889.12,34,0,2247.95,31.5,0,2293.85,32.2,0,2047.28,32.6,0,1929.5,33.8,0,1841.81,32.8,0,1948.27,35.4,0
"2026-09-29 17:15:00",8659,802,"Chapada_Low",11.81,2170.6,34.3,0,1921.62,33.6,0,1889.44,33.4,0,2248.41,31,0,2293.5,31.8,0,2047.78,32,0,1928.13,33.2,0,1842,32.2,0,1947.76,34.9,0
"2026-09-29 17:30:00",8660,802,"Chapada_Low",11.81,2170.24,33.8,0,1921.59,33.6,0,1890.13,32.7,0,2248.36,30.4,0,2293.71,31.1,0,2045.77,31.4,0,1929.61,32.5,0,1842.46,31.5,0,1947.93,34.1,0
"2026-09-29 17:45:00",8661,802,"Chapada_Low",11.81,2170.43,33.1,0,1922.59,32.9,0,1889.83,32.4,0,2249.53,29.8,0,2292.94,30.3,0,2045.94,30.8,0,1930.89,31.6,0,1842.67,30.9,0,1947.99,33.2,0
"2026-09-29 18:00:00",8662,802,"Chapada_Low",11.82,2170.16,32.2,2,1921.94,31.9,0,1889.32,31.4,0,2250.05,29.4,0,2293.26,29.5,0,2046.05,29.9,0,1929.5,30.5,0,1843.34,30.2,0,1947.96,32.3,0
"2026-09-29 18:15:00",8663,802,"Chapada_Low",11.82,2170.64,31.3,0,1922.87,30.9,0,1889.15,30.3,0,2250.09,28.2,0,2293.3,28.8,0,2045.67,29,0,1930.65,29.2,0,1843.68,29.3,0,1949.8,31.2,0
"2026-09-29 18:30:00",8664,802,"Chapada_Low",11.81,2170.03,30.3,3,1923.95,29.8,0,1890.87,29.1,0,2249.79,27,0,2292.71,27.7,0,2045.65,27.9,0,1932.08,27.9,0,1844.43,28.3,0,1949.97,29.9,0
"2026-09-29 18:45:00",8665,802,"Chapada_Low",11.81,2170.48,29.2,0,1925.37,28.6,0,1890.51,27.7,0,2250.3,25.8,0,2293.4,26.7,0,2045.05,26.5,0,1933.54,26.4,0,1846.27,26.8,0,1950.17,28.4,0
"2026-09-29 19:00:00",8666,802,"Chapada_Low",11.82,2170.29,28.2,0,1926.45,27.5,0,1890.24,26.5,0,2250.72,24.5,0,2294.04,25.5,0,2046.81,25.2,0,1933.49,25,0,1847.42,25.7,0,1950.68,27,0
"2026-09-29 19:15:00",8667,802,"Chapada_Low",11.81,2170.28,27.2,0,1926.73,26.4,0,1892.4,25.4,0,2251.71,23.4,0,2294.61,24.6,0,2046.69,24.1,0,1934.88,23.9,0,1848.12,24.4,0,1949.83,25.9,0
"2026-09-29 19:30:00",8668,802,"Chapada_Low",11.82,2171.07,26.4,0,1926.78,25.5,0,1892.25,24.4,0,2252.62,22.5,0,2295.56,23.7,0,2048.15,23.2,0,1935.29,23,0,1849.23,23.6,0,1952.11,24.9,0
"2026-09-29 19:45:00",8669,802,"Chapada_Low",11.81,2170.89,25.7,0,1927.28,24.7,0,1892.78,23.6,0,2255.34,21.9,0,2295.87,23.1,0,2047.7,22.5,0,1933.87,22.3,0,1849.98,22.8,1,1951.15,24.2,0
"2026-09-29 20:00:00",8670,802,"Chapada_Low",11.81,2171.21,25.2,0,1928.07,24,0,1892.8,23,0,2256.97,21.3,0,2296.75,22.5,0,2047.81,22,0,1934.93,21.7,0,1848.92,22.2,0,1953.6,23.6,0
"2026-09-29 20:15:00",8671,802,"Chapada_Low",11.82,2170.92,24.7,0,1929.5,23.4,0,1894.35,22.6,0,2257.66,21,0,2296.86,22.1,0,2048.77,21.5,0,1935.91,21.2,0,1851.26,21.7,0,1951.96,23.1,0
"2026-09-29 20:30:00",8672,802,"Chapada_Low",11.82,2171.21,24.3,0,1929.67,23.1,0,1893.96,22.3,0,2258.45,20.6,0,2296.92,21.8,0,2051.08,21.2,0,1936.66,20.8,0,1850.28,21.4,0,1952.96,22.7,0
"2026-09-29 20:45:00",8673,802,"Chapada_Low",11.82,2170.77,23.9,0,1929.43,22.8,0,1894.72,22,0,2259.51,20.4,0,2296.48,21.5,0,2049.71,20.9,0,1937.91,20.5,0,1852,20.9,0,1955.01,22.4,0
"2026-09-29 21:00:00",8674,802,"Chapada_Low",11.82,2170.92,23.4,0,1929.38,22.3,0,1894.85,21.6,0,2261.54,20,0,2297.18,21.2,0,2050.88,20.5,0,1939.89,20.1,0,1852.66,20.6,0,1954.87,22,0
"2026-09-29 21:15:00",8675,802,"Chapada_Low",11.82,2171.52,23.1,0,1929.94,22,0,1895.93,21.3,2,2261.65,19.8,0,2298.16,20.9,0,2049.63,20.3,0,1939.29,19.8,0,1853.72,20.3,0,1954.36,21.8,0
"2026-09-29 21:30:00",8676,802,"Chapada_Low",11.82,2171.94,22.8,0,1931.09,21.7,0,1896.4,21,0,2262.31,19.5,0,2299.95,20.7,0,2052.51,20,0,1939.96,19.6,0,1854.59,20,0,1954.82,21.6,0
"2026-09-29 21:45:00",8677,802,"Chapada_Low",11.82,2172.21,22.6,0,1930.89,21.5,3,1896.89,20.8,0,2263.73,19.3,0,2300.13,20.4,0,2050.55,19.9,0,1939.61,19.4,0,1854.2,19.9,0,1956.27,21.4,0
"2026-09-29 22:00:00",8678,802,"Chapada_Low",11.81,2171.84,22.4,0,1930.58,21.3,0,1897.64,20.6,0,2263.76,19.2,0,2300.73,20.2,0,2050.8,19.6,0,1941.64,19.3,0,1856.23,19.8,0,1955.86,21.1,0
"2026-09-29 22:15:00",8679,802,"Chapada_Low",11.82,2172.44,22.2,0,1931.47,21.1,0,1897.67,20.5,0,2264.14,19,0,2300.84,20.1,0,2050.96,19.5,2,1944.13,19.1,0,1856.78,19.7,0,1956.25,20.9,0
"2026-09-29 22:30:00",8680,802,"Chapada_Low",11.82,2172.88,22.1,0,1931.81,21,0,1898.51,20.4,0,2265.25,18.9,0,2301.21,20,0,2052.08,19.4,0,1943.24,19,0,1857.01,19.5,0,1955.98,20.8,0
"2026-09-29 22:45:00",8681,802,"Chapada_Low",11.82,2173.13,21.9,0,1932.39,20.9,0,1898.46,20.3,0,2265.64,18.8,0,2301.75,19.9,0,2052.22,19.2,0,1946.03,18.9,0,1856.88,19.3,0,1958.47,20.6,0
"2026-09-29 23:00:00",8682,802,"Chapada_Low",11.82,2172.77,21.6,0,1932.21,20.6,0,1898.71,20,0,2266.01,18.6,0,2302.3,19.6,0,2052.94,19,0,1943.78,18.7,0,1858.29,19.1,0,1957.22,20.4,0
"2026-09-29 23:15:00",8683,802,"Chapada_Low",11.82,2173.33,21.4,0,1932.4,20.5,0,1898.07,19.9,0,2266.83,18.5,0,2302.59,19.5,0,2053.86,18.9,0,1944.52,18.6,0,1859.42,18.9,0,1957.58,20.2,0
"2026-09-29 23:30:00",8684,802,"Chapada_Low",11.82,2173.02,21.3,5,1932.12,20.3,0,1899.38,19.7,0,2268.38,18.4,0,2302.6,19.4,0,2054.39,18.8,0,1944.94,18.5,0,1858.48,18.8,0,1957.97,20.1,0
"2026-09-29 23:45:00",8685,802,"Chapada_Low",11.82,2173.57,21.2,0,1932.99,20.1,0,1898.7,19.6,0,2267.62,18.2,0,2303.1,19.2,0,2052.79,18.6,0,1946.67,18.3,0,1859.29,18.6,0,1959.75,20,0
"2026-09-30 00:00:00",8686,802,"Chapada_Low",11.82,2173.65,21.1,0,1932.51,19.9,0,1900.29,19.5,0,2268.53,18.1,0,2303.55,19.1,0,2055.44,18.5,0,1945.43,18.1,0,1859.94,18.5,0,1959.85,19.8,0
"2026-09-30 00:15:00",8687,802,"Chapada_Low",11.82,2173.86,21,0,1932.62,19.8,0,1900.09,19.4,0,2269.47,18,0,2304.45,19,0,2053.13,18.4,7,1946.85,18,0,1859.93,18.5,0,1960.67,19.6,0
"2026-09-30 00:30:00",8688,802,"Chapada_Low",11.82,2173.98,20.9,0,1933.22,19.6,0,1900.64,19.2,0,2269.42,17.9,0,2304.31,18.9,0,2054.33,18.2,0,1946.83,17.8,0,1860.71,18.3,0,1959.36,19.4,0
"2026-09-30 00:45:00",8689,802,"Chapada_Low",11.81,2173.74,20.5,0,1933.41,19.6,0,1900.84,19.1,0,2270.63,17.7,0,2304.15,18.8,0,2053.92,18.1,0,1947.67,17.7,0,1861.7,18.1,0,1960.92,19.3,0
"2026-09-30 01:00:00",8690,802,"Chapada_Low",11.82,2172.99,20.4,0,1933.77,19.5,0,1900.85,19,0,2270.6,17.6,0,2305.25,18.6,0,2054.04,18,0,1948.64,17.6,0,1862.71,18,0,1959.85,19.3,0
"2026-09-30 01:15:00",8691,802,"Chapada_Low",11.81,2172.87,20.3,0,1934.03,19.3,0,1901.37,18.8,0,2271.77,17.5,0,2305.04,18.5,5,2055.85,17.9,0,1949.19,17.5,3,1862.12,18,0,1959.3,19.1,0
"2026-09-30 01:30:00",8692,802,"Chapada_Low",11.82,2174.01,20.2,0,1934.27,19.1,0,1901.45,18.7,0,2271.35,17.3,0,2305.15,18.3,0,2056.09,17.8,0,1949.72,17.4,0,1862.15,17.9,0,1960.7,19,0
"2026-09-30 01:45:00",8693,802,"Chapada_Low",11.81,2174.44,20.2,0,1934.69,19,0,1902.03,18.6,0,2272.38,17.2,0,2306,18.2,0,2056.65,17.6,0,1950.3,17.3,0,1862.96,17.7,0,1960.24,18.9,0
"2026-09-30 02:00:00",8694,802,"Chapada_Low",11.82,2173.01,20,0,1935.07,19,0,1902.73,18.5,0,2272.47,17.2,0,2306.56,18.1,0,2056.94,17.5,0,1950.56,17.1,0,1863.38,17.6,0,1960.93,18.8,0
"2026-09-30 02:15:00",8695,802,"Chapada_Low",11.82,2174.75,19.9,0,1934.25,18.8,0,1902.59,18.4,0,2273.26,17.1,0,2306.53,18,0,2057.31,17.4,0,1951.01,17,0,1863.31,17.5,0,1960.72,18.6,0
"2026-09-30 02:30:00",8696,802,"Chapada_Low",11.81,2174.78,19.8,0,1934.58,18.7,0,1902.7,18.3,2,2272.67,17,0,2306.63,17.9,0,2057.58,17.4,0,1951.54,17,0,1863.94,17.4,0,1961.5,18.5,0
"2026-09-30 02:45:00",8697,802,"Chapada_Low",11.81,2173.38,19.6,0,1934.65,18.6,0,1902.84,18.2,0,2272.99,16.9,0,2307.23,17.8,0,2056.08,17.2,0,1952.24,16.9,0,1864.88,17.4,0,1961.42,18.4,0
"2026-09-30 03:00:00",8698,802,"Chapada_Low",11.81,2174.63,19.6,0,1935.03,18.5,0,1902.81,18.1,0,2273.37,16.8,0,2307.12,17.7,0,2058.44,17.2,0,1951.44,16.8,0,1864.32,17.2,0,1961.74,18.3,0
"2026-09-30 03:15:00",8699,802,"Chapada_Low",11.81,2173.92,19.6,0,1934.92,18.4,0,1903.32,18.1,0,2274.43,16.8,0,2308.56,17.7,0,2057.09,17.2,0,1953.17,16.8,0,1865.36,17.2,0,1961.78,18.3,0
"2026-09-30 03:30:00",8700,802,"Chapada_Low",11.82,2173.95,19.5,0,1935.67,18.3,0,1903.89,18,4,2275.5,16.7,0,2308.43,17.6,0,2058.97,17.1,0,1952.97,16.8,0,1865.12,17.1,0,1962.61,18.2,0
"2026-09-30 03:45:00",8701,802,"Chapada_Low",11.82,2174.39,19.5,0,1935.27,18.3,0,1903.55,18,7,2275.17,16.7,0,2309.45,17.6,0,2059,17,0,1953.45,16.7,0,1866.02,17.1,0,1963.04,18.2,0
"2026-09-30 04:00:00",8702,802,"Chapada_Low",11.81,2174.69,19.4,0,1936.39,18.3,0,1904.42,18,0,2275.09,16.7,1,2308.97,17.6,0,2057.61,17,0,1953.76,16.6,0,1865.84,17.1,0,1962.96,18.1,0
"2026-09-30 04:15:00",8703,802,"Chapada_Low",11.81,2174.95,19.3,0,1937.24,18.2,0,1904.11,17.9,0,2275.95,16.6,0,2308.88,17.5,0,2058.16,17,0,1954,16.6,0,1866.7,17,0,1964.16,18.1,0
"2026-09-30 04:30:00",8704,802,"Chapada_Low",11.81,2175.43,19.1,0,1936.45,18.1,0,1904.3,17.8,0,2276.22,16.6,0,2309.43,17.5,0,2057.7,16.9,0,1954.85,16.6,0,1866.16,17,0,1963.31,18,0
"2026-09-30 04:45:00",8705,802,"Chapada_Low",11.82,2174.98,19.1,0,1935.59,18.1,0,1904.73,17.8,0,2276.67,16.6,0,2309.07,17.4,0,2059.87,16.9,0,1954.74,16.6,0,1867.55,16.9,0,1963.66,18,0
"2026-09-30 05:00:00",8706,802,"Chapada_Low",11.82,2175.65,19,0,1936.84,18.1,0,1905.1,17.8,0,2276.61,16.6,0,2309.39,17.4,0,2058.14,16.9,0,1956.13,16.6,0,1868.01,16.9,0,1963.89,18,0
"2026-09-30 05:15:00",8707,802,"Chapada_Low",11.81,2174.52,19.1,0,1936.51,18,0,1905.49,17.7,0,2277.17,16.5,0,2310.04,17.4,0,2059.62,16.8,0,1955.91,16.5,0,1867.92,16.9,0,1963.98,18,0
"2026-09-30 05:30:00",8708,802,"Chapada_Low",11.81,2174.44,19,0,1936.31,18,0,1905.14,17.7,0,2278.19,16.5,0,2310.16,17.3,0,2058.11,16.8,0,1956.28,16.6,0,1867.5,16.9,0,1963.96,18,0
"2026-09-30 05:45:00",8709,802,"Chapada_Low",11.81,2176.08,19,0,1936.36,18,0,1904.55,17.7,0,2277.78,16.5,0,2310.52,17.3,0,2059.04,16.8,0,1957.37,16.5,0,1868.15,16.8,0,1963.98,18,0
"2026-09-30 06:00:00",8710,802,"Chapada_Low",11.81,2175.86,18.9,0,1936.88,17.9,0,1906.23,17.6,0,2278.4,16.5,0,2310.02,17.3,0,2059.27,16.8,0,1956.59,16.5,0,1867.63,16.8,0,1964.6,17.9,0
"2026-09-30 06:15:00",8711,802,"Chapada_Low",11.81,2177.06,18.9,0,1937.29,17.9,0,1905.13,17.6,0,2278.22,16.5,0,2310.45,17.3,0,2059.95,16.8,0,1956.58,16.5,0,1868.73,16.8,0,1965.52,17.9,0
"2026-09-30 06:30:00",8712,802,"Chapada_Low",11.81,2175.53,18.7,0,1937.27,17.9,0,1906.25,17.6,0,2277.83,16.5,0,2311.21,17.3,0,2057.48,16.8,0,1956.36,16.5,0,1868.8,16.8,0,1964.89,17.9,0
"2026-09-30 06:45:00",8713,802,"Chapada_Low",11.82,2176.39,18.9,0,1936.1,18,0,1905.43,17.7,0,2278.74,16.6,0,2310.95,17.3,0,2058.52,16.8,0,1958.02,16.6,0,1869.38,16.9,0,1965.2,18,0
"2026-09-30 07:00:00",8714,802,"Chapada_Low",11.81,2177.28,19.3,0,1937.24,18.4,0,1906.25,18.2,0,2278.27,17,0,2310.53,17.6,0,2060.74,17.3,7,1957.04,17.2,0,1868.15,17.5,0,1965.02,18.4,0
"2026-09-30 07:15:00",8715,802,"Chapada_Low",11.81,2177.53,20,0,1935.9,19,0,1906.33,18.7,0,2278.71,17.8,0,2311.29,18.5,0,2058.98,18,0,1956.92,18,0,1868.31,18.2,0,1965.97,19.3,0
"2026-09-30 07:30:00",8716,802,"Chapada_Low",11.81,2177.76,21,0,1936.24,20.2,0,1905.53,19.6,0,2277.39,18.7,0,2310.87,19.4,0,2059.67,19.3,0,1958.17,18.8,0,1867.86,19,0,1966.23,20.3,0
"2026-09-30 07:45:00",8717,802,"Chapada_Low",11.82,2178.2,22.2,0,1935.34,21.5,0,1905.15,20.8,0,2276.32,19.6,0,2310.93,20.4,0,2059.66,20,0,1954.64,20.3,0,1864.14,20.8,0,1964.83,21.8,0
"2026-09-30 08:00:00",8718,802,"Chapada_Low",11.82,2178.7,23.5,0,1934.84,22.9,0,1904.73,22.1,0,2274.89,20.6,0,2309.64,21.3,0,2058.52,20.7,0,1954.09,21.8,0,1862.54,23,0,1963.1,23.7,0
"2026-09-30 08:15:00",8719,802,"Chapada_Low",11.82,2179.19,25.1,0,1934.1,24.4,0,1903.09,23.5,0,2274.1,21.3,0,2308.53,21.8,0,2058.05,21.8,0,1952.8,23.4,0,1859.73,24.6,0,1964.05,25.4,0
"2026-09-30 08:30:00",8720,802,"Chapada_Low",11.82,2177.83,26.4,0,1933.36,26,0,1903.08,24.7,0,2272.3,21.9,0,2308.13,22.5,0,2058.14,23.2,0,1950,24.9,0,1857.34,26.2,0,1962.85,26.6,0
"2026-09-30 08:45:00",8721,802,"Chapada_Low",11.81,2177.25,27.4,0,1931.71,27,0,1901.91,26.3,0,2269.49,22.5,0,2307.39,23.7,0,2055.83,24.7,0,1948.32,26.4,0,1854.55,27.8,0,1962.85,27.7,0
"2026-09-30 09:00:00",8722,802,"Chapada_Low",11.82,2177.64,28.6,0,1930.97,28,0,1900.98,27.2,0,2267.02,23.2,0,2306.24,25.2,8,2055,26.1,0,1945.4,27.8,0,1852.12,29.3,0,1961.46,28.9,0
"2026-09-30 09:15:00",8723,802,"Chapada_Low",11.81,2177.89,29.8,0,1930.15,29.2,0,1900.38,28,0,2266.15,23.8,0,2304.29,27,0,2055.17,27.6,0,1944.88,29,0,1850.68,30.9,0,1961.21,30.2,0
"2026-09-30 09:30:00",8724,802,"Chapada_Low",11.81,2177.18,31.1,0,1929.06,30.3,0,1899.99,28.9,0,2264.65,25.2,0,2303.33,28,0,2053.97,28.9,0,1942.15,30.9,0,1848.46,32.4,0,1958.69,31.5,0
"2026-09-30 09:45:00",8725,802,"Chapada_Low",11.81,2177.32,32.3,0,1928.37,31.4,0,1899.11,29.6,0,2262.33,26.5,0,2303.27,28.9,0,2053.21,29.6,0,1940.41,31.5,0,1846.74,34.5,0,1958,32.7,0
"2026-09-30 10:00:00",8726,802,"Chapada_Low",11.81,2177.34,33.4,0,1927.54,32.6,0,1898.86,30.4,0,2262.15,27.8,0,2301.64,29.7,0,2052.11,30.2,0,1939.6,32.1,0,1846.69,35.7,0,1957.2,34.7,0
"2026-09-30 10:15:00",8727,802,"Chapada_Low",11.81,2176.25,34.7,0,1926.04,33.8,0,1896.6,31.1,0,2260.65,28.8,0,2301.33,30.4,0,2051.48,30.8,0,1938.87,32.9,0,1844.52,36.9,0,1956.28,35.7,0
"2026-09-30 10:30:00",8728,802,"Chapada_Low",11.81,2176.2,35.4,0,1925.17,35.1,0,1897.55,32.2,0,2259.57,29.6,0,2300.87,31,0,2052.77,31.4,0,1937.67,33.7,0,1844.32,38,0,1955.32,36.8,0
"2026-09-30 10:45:00",8729,802,"Chapada_Low",11.82,2175.88,36.2,0,1923.1,35.8,0,1896.9,33.1,0,2256.75,31.6,0,2299.57,31.6,0,2051.23,32.1,0,1936.47,34.4,0,1843.46,38.9,0,1954.51,37.8,0
"2026-09-30 11:00:00",8730,802,"Chapada_Low",11.82,2176.11,36.8,0,1922.82,36.2,0,1896.22,33.5,0,2255.71,31.9,0,2298.44,32.6,0,2050.5,32.7,0,1935.47,34.8,0,1841.57,39.1,0,1954.69,39,0
"2026-09-30 11:15:00",8731,802,"Chapada_Low",11.82,2174.17,35.3,0,1925.3,34.2,0,1895.65,32.1,0,2257.03,30.3,0,2298.84,31.5,0,2049.66,31.9,0,1934.3,33,0,1842.05,36.6,0,1953.71,36.5,0
"2026-09-30 11:30:00",8732,802,"Chapada_Low",11.82,2174.08,34.4,0,1924.69,33.3,0,1894.99,31.7,0,2256.66,29.7,0,2298.61,30.9,0,2047.9,31.2,0,1934.13,32.7,0,1842.75,35.5,0,1952.71,35.9,0
"2026-09-30 11:45:00",8733,802,"Chapada_Low",11.82,2174.13,34.6,0,1924.63,33.5,0,1895.36,32.5,0,2255.92,30.3,0,2298.26,30.9,0,2048.54,31.6,0,1933.97,33,0,1842.39,35.8,0,1953.45,38.3,0
"2026-09-30 12:00:00",8734,802,"Chapada_Low",11.81,2175.94,36.2,0,1924.73,34.4,0,1894.88,34,0,2254.82,31.5,0,2298.44,31.5,0,2049.38,32.6,0,1932.98,34.2,0,1841.74,36.7,0,1953.27,41.3,0
"2026-09-30 12:15:00",8735,802,"Chapada_Low",11.82,2174.36,35.5,0,1924.06,34,0,1893.63,33.1,0,2254.61,30.6,0,2298.43,31.1,0,2047.26,31.7,0,1932.41,33.2,0,1841.88,35.1,0,1951.02,38.6,0
"2026-09-30 12:30:00",8736,802,"Chapada_Low",11.82,2175.07,33,0,1922.05,31.8,0,1895.86,30.9,0,2262.09,28.7,0,2297.49,29.5,0,2048.97,29.1,0,1933.22,30.4,0,1842.18,31.5,0,1953.27,33.1,0
"2026-09-30 12:45:00",8737,802,"Chapada_Low",11.82,2173.54,29.9,0,1924.57,28.9,0,1895.85,28,0,2256.73,27.2,0,2296.95,27.8,0,2048.01,26.4,0,1936.56,27.4,0,1845.16,27.6,0,1955.59,28.3,0
"2026-09-30 13:00:00",8738,802,"Chapada_Low",11.82,2173.22,29.6,0,1927.1,28.6,0,1894.53,28,1,2256.06,27.3,0,2297.64,27.9,0,2049.32,27.5,0,1936.79,27.4,0,1845.18,27.8,0,1956.47,28.5,0
"2026-09-30 13:15:00",8739,802,"Chapada_Low",11.82,2174,29.7,0,1927.78,28.7,0,1896.14,28.3,0,2256.13,27.8,0,2298.45,28,0,2048.31,27.7,0,1934.75,28.7,0,1845.79,27.8,0,1957.59,28.6,0
"2026-09-30 13:30:00",8740,802,"Chapada_Low",11.82,2174.44,30.4,0,1927.71,28.9,0,1895.28,28.9,0,2256,28.3,0,2298.58,28.1,0,2048.63,27.5,0,1934.62,28.6,0,1845.76,29.2,0,1957.83,29.4,0
"2026-09-30 13:45:00",8741,802,"Chapada_Low",11.82,2174.65,32,0,1927.81,29.7,0,1894.88,30.2,0,2255.26,29.3,0,2298.94,28.7,0,2048.43,27.7,0,1935.19,29.6,0,1845.07,29,0,1957.26,32.2,0
"2026-09-30 14:00:00",8742,802,"Chapada_Low",11.82,2174.9,34,0,1927.52,30.9,0,1894.89,31.4,0,2254.58,30.2,0,2299.39,29.4,0,2048.81,28.1,0,1934.92,30.9,0,1845.33,29.2,0,1955.72,32.7,0
"2026-09-30 14:15:00",8743,802,"Chapada_Low",11.82,2172.98,33.9,0,1926.28,31.5,0,1893.99,31.4,0,2254.5,29.9,0,2297.89,29.3,0,2047.7,27.9,0,1933.88,30.7,0,1845.25,28.9,0,1956.98,31.5,0
"2026-09-30 14:30:00",8744,802,"Chapada_Low",11.82,2173.29,33.2,0,1925.99,31,0,1893.96,31.2,0,2254.77,29.9,0,2297.72,29,0,2047.84,27.9,0,1933.47,30.3,0,1845.39,28.7,0,1957.36,30.9,0
"2026-09-30 14:45:00",8745,802,"Chapada_Low",11.82,2173.82,32.7,0,1926.46,30.8,0,1894.11,30.9,0,2254.66,29.5,0,2298.4,29.3,0,2047.41,28.1,0,1933.97,30.2,0,1845.84,28.8,0,1958.03,30.5,0
"2026-09-30 15:00:00",8746,802,"Chapada_Low",11.82,2172.92,32.2,0,1927.51,30.4,0,1893.9,30.3,0,2254.56,28.8,0,2297.26,29,0,2047.62,28.4,0,1934.42,29.9,0,1846.03,28.6,0,1957.35,30.2,0
"2026-09-30 15:15:00",8747,802,"Chapada_Low",11.81,2173.65,31.6,0,1927.75,30,0,1894.59,29.8,0,2254.54,28.2,0,2297.91,28.5,0,2047.8,27.9,0,1933.96,29.6,0,1846.01,28.5,0,1956.95,29.8,0
"2026-09-30 15:30:00",8748,802,"Chapada_Low",11.81,2171.81,30.7,0,1926.52,29.3,0,1895.11,29,0,2255.22,27.4,0,2296.64,27.9,0,2047.32,27.1,0,1934.2,28.6,0,1846.06,28.2,0,1957.38,29,0
"2026-09-30 15:45:00",8749,802,"Chapada_Low",11.82,2165.34,29.5,2,1924.73,28,0,1896.02,27.4,0,2257.16,26.2,0,2297.78,26.9,0,2050.02,25.9,0,1936.82,27.2,0,1847.57,26.6,5,1956.92,27.3,0
"2026-09-30 16:00:00",8750,802,"Chapada_Low",11.82,2165.37,27.5,0,1927.94,26.1,0,1900.84,25.2,0,2273.54,24.3,0,2301.73,25.5,0,2054.61,24.1,4,1940.58,25.1,0,1865.52,24,0,1968.59,24.6,0
"2026-09-30 16:15:00",8751,802,"Chapada_Low",11.82,2171.47,25.6,2,1929.9,24.5,0,1898.85,23.7,0,2265.02,22.9,0,2299.77,24,0,2066.64,22.6,0,1943.72,23.4,0,1868.45,22.4,0,1977.31,22.8,0
"2026-09-30 16:30:00",8752,802,"Chapada_Low",11.82,2173.39,24.6,0,1930.07,23.7,0,1899.1,23.1,0,2265.32,22.2,0,2300.66,23.3,0,2069.9,22.2,0,1944.5,22.4,0,1874.69,22,0,1980.07,22.3,0
"2026-09-30 16:45:00",8753,802,"Chapada_Low",11.82,2175.69,24.2,0,1930.91,23.2,0,1899.01,22.7,0,2262.7,21.9,0,2301.39,23,0,2072.3,22.1,0,1944.09,22.1,0,1877.46,21.8,0,1984.34,22.1,0
"2026-09-30 17:00:00",8754,802,"Chapada_Low",11.82,2176.05,23.9,0,1932.07,23,0,1898.86,22.6,0,2263.69,21.8,0,2301.91,22.7,0,2074.32,22.2,0,1945.89,22.3,0,1880.63,21.8,0,1985.34,22.2,0
"2026-09-30 17:15:00",8755,802,"Chapada_Low",11.82,2177.06,23.9,0,1933.43,23,0,1899.89,22.6,0,2263.75,21.9,0,2301.87,22.7,0,2076.38,22.2,0,1947.34,22.3,0,1881.68,22.4,0,1987.31,22.4,3
"2026-09-30 17:30:00",8756,802,"Chapada_Low",11.82,2177,24,0,1933.46,23,0,1899.56,22.7,0,2263.68,22.1,0,2301.82,22.7,0,2078.03,22.3,0,1945.72,22.3,0,1882.05,22.3,0,1988.66,22.9,0
"2026-09-30 17:45:00",8757,802,"Chapada_Low",11.82,2177.63,24.2,0,1933.75,23.2,0,1899.81,22.8,0,2264.57,22.2,0,2302.4,22.7,0,2079.6,22.3,0,1947.8,22.3,0,1882.91,22.2,0,1987.27,22.8,0
"2026-09-30 18:00:00",8758,802,"Chapada_Low",11.82,2177.53,24.2,0,1933.28,23.4,0,1900.07,23.1,0,2264.66,22.4,0,2302.89,22.8,0,2081.21,22.4,0,1948.39,22.4,0,1883.39,22.3,0,1987.87,22.9,0
"2026-09-30 18:15:00",8759,802,"Chapada_Low",11.82,2179.03,24.1,0,1934.4,23.3,0,1900.31,23.1,0,2263.2,22.6,0,2302.91,22.8,0,2082.45,22.4,0,1948.61,22.3,0,1884.49,22.3,0,1988.44,22.9,0
"2026-09-30 18:30:00",8760,802,"Chapada_Low",11.82,2178.19,23.8,0,1935.5,23.1,0,1901.09,22.8,0,2265.29,22.3,0,2302.79,22.7,0,2082.94,22.2,0,1948.76,22,0,1884.24,22,0,1988.8,22.6,0
"2026-09-30 18:45:00",8761,802,"Chapada_Low",11.82,2178.49,23.5,0,1935.5,22.8,0,1901.48,22.5,0,2265.04,22,0,2302.82,22.5,0,2084.22,22,0,1947.83,21.8,0,1884.65,21.8,0,1989.09,22.3,0
"2026-09-30 19:00:00",8762,802,"Chapada_Low",11.82,2178.53,23.4,0,1935.03,22.6,0,1901.93,22.4,0,2265.44,21.8,0,2303.46,22.3,0,2085.9,21.9,0,1947.55,21.7,0,1886.06,21.7,0,1990.94,22.2,0
"2026-09-30 19:15:00",8763,802,"Chapada_Low",11.81,2178.89,23.3,0,1935.35,22.5,0,1900.92,22.3,0,2265.72,21.7,0,2304.18,22.2,0,2086.1,21.7,0,1948.7,21.6,0,1886.08,21.6,0,1989.16,22.1,0
"2026-09-30 19:30:00",8764,802,"Chapada_Low",11.82,2178.8,23.2,0,1935.63,22.5,0,1901.41,22.2,0,2266.21,21.6,0,2304.02,22.1,0,2087.41,21.6,0,1948.87,21.5,0,1885.93,21.5,0,1991.05,22,0
"2026-09-30 19:45:00",8765,802,"Chapada_Low",11.82,2179.03,23,0,1934.95,22.4,0,1901.2,22,0,2266.65,21.4,0,2304.28,22,0,2088.21,21.5,0,1949.3,21.3,0,1888.32,21.3,0,1989.95,21.8,0
"2026-09-30 20:00:00",8766,802,"Chapada_Low",11.82,2179.35,22.7,0,1935.75,22.1,0,1901.27,21.8,0,2266.84,21.2,0,2304.99,21.7,0,2087.46,21.2,0,1950.11,21,0,1887.66,21,0,1990.47,21.5,0
"2026-09-30 20:15:00",8767,802,"Chapada_Low",11.82,2179.24,22.5,0,1935.33,21.8,0,1902.48,21.5,0,2268.12,21,0,2304.52,21.5,0,2089.2,21,0,1952.29,20.7,0,1888.36,20.8,0,1991.53,21.2,0
"2026-09-30 20:30:00",8768,802,"Chapada_Low",11.82,2179.31,22.3,0,1936.2,21.6,0,1902.2,21.3,0,2269.11,20.7,0,2304.4,21.3,0,2089.96,20.8,0,1952.57,20.5,0,1888.61,20.6,0,1991.93,21.1,0
"2026-09-30 20:45:00",8769,802,"Chapada_Low",11.82,2178,22.1,0,1936.93,21.4,0,1902.31,21.1,0,2269.28,20.6,0,2305.8,21.2,0,2090.26,20.6,0,1951.49,20.3,0,1889.86,20.5,0,1991.17,20.9,0
"2026-09-30 21:00:00",8770,802,"Chapada_Low",11.82,2179.33,21.9,2,1936.9,21.1,0,1903.4,20.9,0,2269.66,20.3,0,2304.82,20.9,0,2091.35,20.4,0,1951.94,20.1,0,1890.26,20.1,0,1992.45,20.7,0
"2026-09-30 21:15:00",8771,802,"Chapada_Low",11.82,2180.01,21.7,0,1938.13,20.8,0,1903.61,20.6,0,2269.71,20,0,2305.24,20.7,0,2093.26,20.1,0,1952.65,19.8,0,1890.74,19.9,0,1992.21,20.4,2
"2026-09-30 21:30:00",8772,802,"Chapada_Low",11.82,2179.9,21.4,0,1936.83,20.7,0,1903.48,20.4,0,2271.12,19.7,0,2305.6,20.4,0,2092.64,19.9,0,1953.22,19.5,0,1893.24,19.6,0,1992,20.2,0
"2026-09-30 21:45:00",8773,802,"Chapada_Low",11.82,2180.02,21.2,0,1937.22,20.4,0,1903.61,20.1,4,2272.18,19.5,0,2306.65,20.2,0,2093.02,19.6,0,1954.73,19.2,0,1892.75,19.4,0,1993.53,19.9,0
"2026-09-30 22:00:00",8774,802,"Chapada_Low",11.82,2179.37,21.1,0,1937.55,20.2,0,1903.98,19.9,0,2271.97,19.2,0,2307.25,20,0,2093.5,19.4,0,1954.72,19,0,1892.63,19.2,0,1993.83,19.7,0
"2026-09-30 22:15:00",8775,802,"Chapada_Low",11.82,2179.22,20.9,0,1937.56,20,0,1904.8,19.8,0,2273.12,19,0,2306.97,19.7,0,2096.07,19.2,0,1955.3,18.8,0,1893.63,19,0,1994.01,19.6,0
"2026-09-30 22:30:00",8776,802,"Chapada_Low",11.82,2180.78,20.7,0,1936.98,19.8,0,1904.74,19.6,0,2273.41,18.9,0,2307.64,19.6,0,2094.82,19.1,0,1956.38,18.7,0,1893.73,18.8,0,1993.31,19.4,0
"2026-09-30 22:45:00",8777,802,"Chapada_Low",11.82,2179.66,20.5,0,1938.4,19.7,0,1905.22,19.5,0,2274.35,18.8,0,2307.91,19.5,0,2096.79,19,0,1958.87,18.5,0,1893.68,18.7,0,1993.06,19.3,0
"2026-09-30 23:00:00",8778,802,"Chapada_Low",11.81,2180.54,20.3,0,1938.27,19.5,0,1905.46,19.4,0,2274.9,18.6,0,2309.04,19.3,0,2097.22,18.8,0,1959.74,18.4,0,1894.66,18.5,0,1993.5,19.1,0
"2026-09-30 23:15:00",8779,802,"Chapada_Low",11.82,2181.03,20.1,0,1939.01,19.3,0,1905.65,19.2,0,2275.22,18.4,0,2309.36,19.2,0,2097.41,18.7,0,1958.53,18.2,0,1895.91,18.4,0,1993.2,19,0
"2026-09-30 23:30:00",8780,802,"Chapada_Low",11.82,2181.36,20,0,1938.41,19.2,0,1906.03,19.1,0,2275.94,18.2,0,2309.62,19,0,2096.4,18.5,0,1960.04,18,0,1895.28,18.2,0,1994.05,18.8,0
"2026-09-30 23:45:00",8781,802,"Chapada_Low",11.81,2180.64,19.9,0,1939.47,19.1,0,1906.05,18.9,0,2276.52,18.1,0,2309.61,18.9,0,2098.78,18.3,0,1960.55,17.9,0,1895.78,18.1,0,1994.7,18.7,0
"2026-10-01 00:00:00",8782,802,"Chapada_Low",11.82,2180.54,19.9,0,1939.16,19,0,1906.25,18.9,0,2276.93,18,0,2310.53,18.8,0,2098.43,18.2,0,1961.44,17.8,0,1896.31,18,0,1994.5,18.6,0
"2026-10-01 00:15:00",8783,802,"Chapada_Low",11.82,2181.64,19.8,0,1939.42,18.9,0,1906.36,18.8,0,2278.3,17.9,0,2310.77,18.6,0,2100.11,18.1,0,1962.22,17.8,0,1897.39,17.9,0,1994.68,18.6,0
"2026-10-01 00:30:00",8784,802,"Chapada_Low",11.82,2180.65,19.7,0,1938.96,18.8,0,1906.72,18.7,0,2278.28,17.8,0,2310.85,18.5,0,2099.46,18,0,1963.72,17.6,0,1897.74,17.8,0,1994.4,18.5,0
"2026-10-01 00:45:00",8785,802,"Chapada_Low",11.82,2180.66,19.6,0,1940.52,18.8,0,1907.6,18.7,0,2278.88,17.8,0,2311.31,18.5,0,2099.88,18,0,1963.69,17.6,0,1897.47,17.7,0,1994.88,18.4,0
"2026-10-01 01:00:00",8786,802,"Chapada_Low",11.82,2181.27,19.5,0,1939.97,18.6,0,1907.1,18.6,0,2278.96,17.7,0,2311.42,18.4,0,2099.94,17.9,0,1963.98,17.6,0,1897.61,17.7,0,1995.71,18.3,0
"2026-10-01 01:15:00",8787,802,"Chapada_Low",11.82,2181.59,19.3,0,1939.64,18.6,0,1907.59,18.5,0,2278.98,17.5,0,2311.59,18.3,0,2100.54,17.8,0,1964.65,17.4,0,1899.09,17.6,0,1995.53,18.2,0
"2026-10-01 01:30:00",8788,802,"Chapada_Low",11.82,2180.64,19.3,0,1940.17,18.5,0,1907.27,18.4,0,2279.63,17.4,0,2312.67,18.2,0,2103.2,17.7,0,1965.15,17.3,0,1899.04,17.5,0,1996.28,18.2,0
"2026-10-01 01:45:00",8789,802,"Chapada_Low",11.82,2181.3,19.3,0,1940.2,18.4,0,1907.84,18.3,0,2280.49,17.4,0,2312.59,18.1,0,2102.93,17.6,0,1966.02,17.3,0,1899.24,17.4,0,1995.6,18.1,0
"2026-10-01 02:00:00",8790,802,"Chapada_Low",11.82,2181.68,19.2,0,1940.51,18.4,0,1907.93,18.3,0,2281.02,17.4,0,2313.11,18.1,0,2101.86,17.6,0,1965.55,17.3,0,1900.13,17.4,0,1996.72,18.1,0
"2026-10-01 02:15:00",8791,802,"Chapada_Low",11.82,2181.33,19.2,0,1940.44,18.4,0,1908.47,18.3,0,2280.25,17.5,0,2313.01,18.1,0,2102.51,17.7,0,1966.9,17.4,0,1900.23,17.4,6,1996.27,18.2,0
"2026-10-01 02:30:00",8792,802,"Chapada_Low",11.82,2181.67,19.2,0,1940.8,18.3,0,1908.71,18.3,0,2281.5,17.4,0,2313,18.1,0,2103.11,17.6,0,1966.56,17.3,0,1900.21,17.4,0,1996.71,18.1,0
"2026-10-01 02:45:00",8793,802,"Chapada_Low",11.82,2182.09,19,0,1941.14,18.2,0,1908.48,18.1,0,2281.65,17.3,0,2313.09,18,0,2104.41,17.5,0,1966.69,17.1,0,1900.66,17.4,0,1997.02,17.9,0
"2026-10-01 03:00:00",8794,802,"Chapada_Low",11.82,2182.63,18.9,0,1941.6,18.1,0,1908.42,18.1,0,2282.09,17.2,0,2313.33,17.8,0,2102.41,17.4,0,1967.64,17,0,1901.02,17.1,0,1996.56,17.8,0
"2026-10-01 03:15:00",8795,802,"Chapada_Low",11.82,2182.14,18.8,0,1940.82,18.1,0,1908.22,18,0,2281.97,17.1,0,2314.23,17.8,0,2104.92,17.3,0,1967.72,16.9,0,1901.76,17.1,0,1996.97,17.8,0
"2026-10-01 03:30:00",8796,802,"Chapada_Low",11.82,2182.37,18.8,0,1941.08,18,0,1909.42,17.9,0,2282.08,17.1,0,2314.53,17.7,0,2105.35,17.2,0,1968.17,16.9,0,1901.36,17,0,1997.12,17.8,0
"2026-10-01 03:45:00",8797,802,"Chapada_Low",11.82,2182.7,18.7,6,1941.91,18,0,1909.17,17.9,0,2283.89,17.1,0,2314.73,17.7,0,2104.98,17.2,0,1968.91,17,0,1902.77,17,0,1997.12,17.7,0
"2026-10-01 04:00:00",8798,802,"Chapada_Low",11.82,2182.37,18.6,0,1941.85,18,0,1909.15,17.9,0,2283.28,17.1,0,2314.74,17.7,0,2106.42,17.2,0,1968.98,16.9,0,1903.18,17,0,1997.48,17.7,0
"2026-10-01 04:15:00",8799,802,"Chapada_Low",11.82,2182.64,18.6,0,1941.4,17.9,0,1909.72,17.8,0,2283.39,17,0,2314.37,17.6,0,2106.08,17.1,0,1970.01,16.8,0,1902.89,16.9,0,1997.9,17.6,0
"2026-10-01 04:30:00",8800,802,"Chapada_Low",11.82,2182.85,18.6,0,1941.5,17.8,0,1910.07,17.7,0,2284.53,16.9,0,2315.62,17.6,0,2107.1,17.1,0,1969.7,16.8,0,1902.13,16.9,0,1998.1,17.6,0
"2026-10-01 04:45:00",8801,802,"Chapada_Low",11.82,2183.47,18.5,0,1941.15,17.7,0,1909.67,17.6,0,2284.81,16.8,0,2314.32,17.5,0,2105.5,17,0,1970.95,16.7,0,1903.42,16.8,0,1998.41,17.5,0
"2026-10-01 05:00:00",8802,802,"Chapada_Low",11.81,2182.96,18.4,0,1942.27,17.6,0,1909.38,17.6,0,2284.71,16.7,0,2314.99,17.4,0,2107.92,16.9,0,1970.88,16.6,0,1903.62,16.7,0,1997.89,17.4,0
"2026-10-01 05:15:00",8803,802,"Chapada_Low",11.82,2183.3,18.3,0,1941.14,17.6,0,1909.59,17.5,0,2285.1,16.6,0,2316.16,17.3,0,2107.6,16.8,0,1971.94,16.5,0,1903.85,16.6,0,1998.33,17.3,0
"2026-10-01 05:30:00",8804,802,"Chapada_Low",11.82,2182.96,18.3,0,1942.15,17.5,0,1910.45,17.4,0,2284.56,16.5,0,2316.17,17.2,3,2106.43,16.7,1,1972.08,16.4,0,1904.21,16.5,0,1998.22,17.3,0
"2026-10-01 05:45:00",8805,802,"Chapada_Low",11.81,2183.2,18.2,0,1941.64,17.4,0,1910.21,17.4,0,2285.36,16.5,0,2316.45,17.2,0,2107.87,16.7,0,1972.42,16.4,0,1904.53,16.5,0,1998.62,17.2,0
"2026-10-01 06:00:00",8806,802,"Chapada_Low",11.82,2182.51,18.2,0,1943.49,17.4,0,1911.33,17.3,0,2285.95,16.4,0,2316.42,17.1,0,2108.84,16.6,0,1973.27,16.3,0,1904.65,16.4,0,1998.74,17.2,0
"2026-10-01 06:15:00",8807,802,"Chapada_Low",11.81,2183.31,18.1,0,1943.15,17.3,0,1910.96,17.2,0,2286.78,16.4,0,2316.61,17,8,2109.36,16.5,0,1974.6,16.2,0,1905.24,16.3,0,1999.34,17.1,0
"2026-10-01 06:30:00",8808,802,"Chapada_Low",11.81,2183.23,18.1,0,1942.47,17.3,0,1911.47,17.2,0,2286.8,16.4,0,2317.25,17,0,2108.03,16.5,0,1974.01,16.2,0,1905.71,16.3,0,1999.91,17.1,0
"2026-10-01 06:45:00",8809,802,"Chapada_Low",11.82,2183.59,18,0,1942.86,17.3,0,1911.5,17.2,0,2286.6,16.4,0,2318.43,17,0,2108.34,16.5,0,1974.32,16.3,0,1906.34,16.4,0,1999.43,17.1,0
"2026-10-01 07:00:00",8810,802,"Chapada_Low",11.82,2183.53,18.1,0,1942.36,17.5,0,1911.41,17.4,0,2287.37,16.6,0,2317.4,17.2,0,2109.99,16.7,0,1973.99,16.6,0,1906.63,16.6,0,1999.56,17.3,0
"2026-10-01 07:15:00",8811,802,"Chapada_Low",11.82,2184.27,18.6,0,1942.33,17.9,0,1911.22,17.8,0,2287.27,17.2,0,2317.6,17.7,0,2109.66,17.1,0,1974.3,17.1,0,1905.89,17.1,0,1999.46,17.8,0
"2026-10-01 07:30:00",8812,802,"Chapada_Low",11.81,2184.47,19.4,0,1941.28,18.8,0,1910.97,18.5,0,2287.61,18.3,0,2317.52,18.5,0,2109.66,17.9,0,1974.29,17.7,0,1906.31,17.8,0,1999.35,18.6,0
"2026-10-01 07:45:00",8813,802,"Chapada_Low",11.82,2185.11,20.4,0,1941.06,19.9,0,1910.43,19.5,0,2286.66,19,0,2317.79,19.6,0,2106.6,18.6,0,1973.33,18.9,0,1903.81,19.1,0,1999.77,19.9,0
"2026-10-01 08:00:00",8814,802,"Chapada_Low",11.81,2185.13,21.4,0,1941.31,21,0,1910.25,20.5,0,2284.63,19.7,0,2317,20,0,2105.95,19.3,0,1971.63,21.5,0,1902.92,20.3,0,1998.29,21,0
"2026-10-01 08:15:00",8815,802,"Chapada_Low",11.82,2186.02,22.5,0,1940.47,22.1,0,1909.02,21.6,0,2283.29,20,0,2316.06,20.3,0,2106.77,19.9,0,1968.41,21.9,0,1899.7,22.2,0,1996.07,22,0
"2026-10-01 08:30:00",8816,802,"Chapada_Low",11.82,2185.77,23.7,0,1939.05,23.2,0,1908.75,22.7,0,2282.72,20.5,0,2314.82,20.9,0,2105.98,21,0,1966.82,22.5,0,1896.84,23.2,0,1997.21,23.8,0
"2026-10-01 08:45:00",8817,802,"Chapada_Low",11.81,2185.39,25.2,0,1937.6,24.3,0,1908.42,23.8,0,2281.48,21,0,2314.04,21.9,0,2104.68,22.2,0,1964.58,23.4,0,1894.62,24,0,1994.97,24.4,0
"2026-10-01 09:00:00",8818,802,"Chapada_Low",11.82,2184.32,26.1,0,1936.72,25.6,0,1907.98,25,0,2280.42,21.4,0,2313.41,23,0,2103.8,23.2,0,1963.28,24.4,0,1892.59,24.8,0,1996.64,25,0
"2026-10-01 09:15:00",8819,802,"Chapada_Low",11.81,2183.12,27,0,1935.65,26.5,0,1905.32,26.1,0,2277.37,22.7,0,2311.92,24,0,2102.09,24,0,1960.32,25.3,0,1890.36,25.7,0,1994.92,25.8,0
"2026-10-01 09:30:00",8820,802,"Chapada_Low",11.82,2183.89,28,0,1935.44,27.5,0,1906.25,26.7,0,2275.5,23.6,0,2310.76,25.6,0,2100.55,24.8,0,1959.02,26.5,0,1887.84,26.9,0,1994.47,26.9,0
"2026-10-01 09:45:00",8821,802,"Chapada_Low",11.81,2183.17,29,0,1934.54,28.6,0,1904.21,27.5,0,2273.06,24.9,0,2309.28,26.3,0,2099.57,26.4,0,1955.9,27.7,0,1885.33,28.1,0,1993.25,28,0
"2026-10-01 10:00:00",8822,802,"Chapada_Low",11.81,2182.47,30.1,2,1932.96,29.8,0,1905.04,28.3,0,2271.36,25.9,0,2308.75,27,0,2097.98,26.8,0,1954.06,29.5,0,1883.85,29.7,0,1992.86,29.2,0
"2026-10-01 10:15:00",8823,802,"Chapada_Low",11.81,2181.58,31.2,0,1932.24,31.1,0,1902.87,29.2,0,2270.17,27,0,2308.43,27.7,0,2096.79,27.4,0,1953.84,30,0,1880.64,31.5,0,1991.58,31.1,0
"2026-10-01 10:30:00",8824,802,"Chapada_Low",11.81,2182.06,32.6,0,1930.91,32.2,0,1902.11,30,0,2269.31,27.9,0,2307.38,28.5,0,2095.88,28.1,0,1950.79,30.7,0,1878.88,32.4,0,1989.09,32.4,0
"2026-10-01 10:45:00",8825,802,"Chapada_Low",11.81,2181.32,33.5,0,1930.1,33.5,0,1901.92,30.8,0,2268,28.7,0,2307.08,29.1,0,2095.29,28.8,0,1949.71,31.4,0,1878.32,33,0,1989.04,33.3,0
"2026-10-01 11:00:00",8826,802,"Chapada_Low",11.81,2180.76,34.4,0,1929.59,34.1,0,1901.49,32.4,0,2266.74,29.6,0,2306.51,29.6,0,2093.63,29.6,0,1948.1,32.1,0,1876.51,33.9,0,1987.56,34.7,0
"2026-10-01 11:15:00",8827,802,"Chapada_Low",11.81,2180.72,33.4,0,1931.11,32.7,0,1900.16,31.2,0,2265.71,29.7,0,2305.37,29.2,0,2092.91,28.7,0,1946.69,30.9,0,1877,32.2,0,1986.43,32.8,0
"2026-10-01 11:30:00",8828,802,"Chapada_Low",11.81,2180.35,32.2,0,1930.2,31.4,0,1900.41,30.2,0,2265.71,28.4,0,2305.58,28.8,0,2092.86,28.4,6,1946.88,29.8,0,1877.53,30.8,0,1987.96,31.7,0
"2026-10-01 11:45:00",8829,802,"Chapada_Low",11.82,2180.11,32.1,0,1929.82,31.1,0,1899.18,30.3,0,2265.2,28.5,0,2305.94,28.6,0,2091.7,28.7,0,1946.48,30.6,0,1877.48,30.8,0,1986.01,32.5,0
"2026-10-01 12:00:00",8830,802,"Chapada_Low",11.81,2180.83,33.3,0,1929.65,32,0,1899.59,31.9,0,2263.99,29.6,0,2305.17,29.3,0,2091.5,29.7,0,1945.28,31.8,4,1875.53,32.6,0,1985.15,35.7,0
"2026-10-01 12:15:00",8831,802,"Chapada_Low",11.82,2179.95,32.8,0,1931.29,31.4,0,1898.59,31.2,0,2264.15,29,0,2305.52,29.1,0,2090.71,29.1,0,1945.47,31.1,0,1875.63,31.7,0,1984.46,34.5,0
"2026-10-01 12:30:00",8832,802,"Chapada_Low",11.81,2179.61,32.2,0,1930.51,30.7,0,1898.62,30.5,0,2264.49,28.4,0,2304.43,28.7,0,2090.51,28.7,0,1945.05,30.2,0,1876.25,30.8,0,1984.68,32.9,0
"2026-10-01 12:45:00",8833,802,"Chapada_Low",11.82,2178.83,31.1,0,1931.1,30,0,1898.93,29.7,0,2263.34,27.6,0,2304.69,28.1,0,2090.6,27.9,0,1944.45,29.1,0,1876.73,29.6,0,1984.55,31.2,0
"2026-10-01 13:00:00",8834,802,"Chapada_Low",11.81,2178.82,29.5,0,1930.1,28.4,0,1899.65,27.8,0,2262.46,27.1,0,2304.43,27,9,2091.2,26.4,0,1947.23,27.4,0,1879.49,27.2,0,1984.8,29,0
"2026-10-01 13:15:00",8835,802,"Chapada_Low",11.82,2175.96,27.5,0,1929.25,26.4,0,1900.64,25.6,0,2263.05,26.1,0,2304.57,25.7,0,2092.56,24.8,0,1946.02,25.4,0,1879.75,24.9,0,1985.5,26.5,0
"2026-10-01 13:30:00",8836,802,"Chapada_Low",11.82,2179.02,26.1,0,1931,25.1,0,1900.93,24.2,0,2263.71,24.7,0,2304.49,24.7,0,2093.37,24,0,1948.31,24.1,0,1882.46,23.7,0,1987.35,24.9,0
"2026-10-01 13:45:00",8837,802,"Chapada_Low",11.81,2179.48,25.2,0,1930.98,24.4,0,1901.81,23.4,0,2265.44,23.5,0,2305.26,23.9,0,2095.86,23.2,0,1950.27,23.5,0,1883.24,23,0,1986.84,23.9,0
"2026-10-01 14:00:00",8838,802,"Chapada_Low",11.81,2180.1,24.5,0,1934.08,23.9,0,1901.92,22.9,0,2266.27,22.6,0,2305.28,23.5,0,2096.1,22.8,0,1950.55,22.9,0,1883.15,22.9,0,1987.96,23.6,0
"2026-10-01 14:15:00",8839,802,"Chapada_Low",11.81,2179.95,24.9,0,1934.41,24,0,1902.15,23.2,0,2266.48,22.7,0,2306.18,23.6,0,2096.44,23,0,1950.59,23.3,0,1882.95,23.2,0,1987.93,24.2,0
"2026-10-01 14:30:00",8840,802,"Chapada_Low",11.82,2180.22,25.7,0,1932.91,25.2,0,1901.89,24.1,0,2266.48,23.7,0,2306.45,24.2,0,2096.83,23.7,0,1951.53,24.3,0,1882.35,23.9,0,1987.75,25.1,0
"2026-10-01 14:45:00",8841,802,"Chapada_Low",11.81,2179.85,26.8,0,1933.91,26,0,1901.51,26.2,0,2265.58,24.8,0,2306.99,25,0,2096.11,24.7,0,1950.25,25.7,0,1882.41,24.8,0,1988.76,26.3,0
"2026-10-01 15:00:00",8842,802,"Chapada_Low",11.82,2179.08,27.4,0,1933.67,26.5,0,1901.36,26,0,2265.82,26,0,2307.15,25.5,0,2094.65,24.9,0,1949.97,26.6,0,1881.53,25.2,0,1989.39,26.6,0
"2026-10-01 15:15:00",8843,802,"Chapada_Low",11.81,2179.92,28,0,1934.33,26.9,0,1901.45,26.2,0,2265.52,26.2,0,2305.89,26.1,0,2094.25,25.5,0,1949.55,27.1,0,1882.21,25.4,4,1988.95,27.1,0
"2026-10-01 15:30:00",8844,802,"Chapada_Low",11.82,2179.9,28.5,0,1933.94,27.4,0,1901.59,27,0,2264.25,26.6,0,2306.38,26.4,0,2094.08,26,0,1946.94,28.3,0,1881.85,26,0,1988.64,27.6,0
"2026-10-01 15:45:00",8845,802,"Chapada_Low",11.82,2179.85,29,0,1933.5,27.9,0,1901.26,27.6,0,2263.6,27,0,2305.62,26.7,0,2093.52,25.9,16,1946.4,28.6,0,1879.98,27.1,0,1988.04,28,0
"2026-10-01 16:00:00",8846,802,"Chapada_Low",11.82,2178.94,29.3,0,1931.83,28.2,0,1901.1,28.1,0,2264.28,27.3,0,2305.46,26.8,0,2093.82,25.9,0,1946.72,28.7,0,1879.6,27.4,0,1987.33,29.1,0
"2026-10-01 16:15:00",8847,802,"Chapada_Low",11.82,2179.55,29.6,0,1932.3,28.5,0,1901.61,28.3,0,2264.49,27.3,0,2305.79,26.9,0,2092.71,25.9,0,1946.08,28.7,0,1878.65,27.4,0,1986.85,29.1,0
"2026-10-01 16:30:00",8848,802,"Chapada_Low",11.81,2179.74,29.4,0,1932.94,28.6,0,1899.66,28.3,0,2263.54,27,0,2305.92,26.7,0,2092.32,25.8,0,1946.03,28.3,0,1878.43,27.3,0,1986.77,28.8,0
"2026-10-01 16:45:00",8849,802,"Chapada_Low",11.82,2179.56,29,0,1932.94,28.3,0,1900.65,28,0,2263.31,27,0,2305.08,26.5,0,2092.4,25.6,0,1948.66,27.8,0,1880.18,27,0,1987.08,28.5,0
"2026-10-01 17:00:00",8850,802,"Chapada_Low",11.81,2179.05,28.6,0,1932.94,27.9,0,1900.17,27.6,0,2263.35,26.6,0,2305.12,26.4,0,2092,25.4,0,1947.37,27.4,0,1880.4,26.7,0,1986.85,28.1,0
"2026-10-01 17:15:00",8851,802,"Chapada_Low",11.82,2179.54,28.1,0,1933.38,27.5,0,1901.18,27.1,0,2263.52,26.1,0,2304.67,26.1,0,2092.82,25.4,2,1946.89,26.9,0,1879.56,26.3,0,1986.42,27.5,0
"2026-10-01 17:30:00",8852,802,"Chapada_Low",11.81,2178.44,27.8,0,1932.87,27.2,0,1901.27,26.7,0,2264.18,25.7,0,2305.71,25.8,0,2091.41,25.1,0,1947.69,26.7,0,1880.67,26,0,1986.07,27.1,0
"2026-10-01 17:45:00",8853,802,"Chapada_Low",11.81,2178.89,27.4,0,1933.47,26.8,0,1900.68,26.5,0,2263.62,25.5,0,2305.62,25.6,0,2093.27,25,0,1947.45,26.3,0,1880.72,25.8,0,1986.75,27,0
"2026-10-01 18:00:00",8854,802,"Chapada_Low",11.82,2180.49,27.1,0,1933.14,26.5,0,1901.31,26.1,0,2263.85,25.1,0,2306,25.3,0,2092.96,24.7,0,1947.63,25.9,0,1880.43,25.4,0,1986.83,26.6,0
"2026-10-01 18:15:00",8855,802,"Chapada_Low",11.82,2178.72,26.7,0,1933.7,26.1,0,1900.75,25.7,0,2264.38,24.6,0,2305.46,24.9,5,2093.3,24.3,0,1947.54,25.3,0,1881.45,25,0,1986.59,26,0
"2026-10-01 18:30:00",8856,802,"Chapada_Low",11.82,2179.72,26.3,0,1934.22,25.7,0,1900.37,25.4,0,2264.4,24.2,0,2305.45,24.5,0,2093.25,23.9,0,1948.68,24.8,0,1880.18,24.6,0,1986.86,25.5,0
"2026-10-01 18:45:00",8857,802,"Chapada_Low",11.82,2180.14,25.8,0,1934.21,25.1,0,1902.43,24.8,0,2264.53,23.7,0,2306.51,24.1,0,2093.23,23.5,0,1948.47,24.2,0,1880.42,24,0,1986.85,24.8,0
"2026-10-01 19:00:00",8858,802,"Chapada_Low",11.82,2179.59,25.3,0,1934.7,24.5,0,1901.66,24.1,0,2265.39,23.1,4,2305.66,23.6,0,2093.25,22.9,0,1949.32,23.5,0,1880.49,23.3,0,1986.05,24.2,0
"2026-10-01 19:15:00",8859,802,"Chapada_Low",11.82,2180.45,24.8,0,1936.04,24,0,1902.19,23.6,1,2265.69,22.6,0,2307.05,23.2,0,2093.45,22.5,0,1948.96,22.9,0,1881.25,22.8,0,1986.12,23.6,0
"2026-10-01 19:30:00",8860,802,"Chapada_Low",11.81,2178.71,24.4,0,1935.51,23.7,0,1901.65,23.4,14,2267.16,22.4,0,2306.14,22.9,0,2092.83,22.3,0,1949.16,22.7,0,1882.85,22.7,0,1986.35,23.4,0
"2026-10-01 19:45:00",8861,802,"Chapada_Low",11.81,2180.4,24.2,0,1935.63,23.7,0,1902.93,23.2,0,2266.94,22.4,0,2306.97,22.8,0,2094.07,22.2,0,1950.21,22.7,0,1883.51,22.5,0,1987.88,23.3,0
"2026-10-01 20:00:00",8862,802,"Chapada_Low",11.81,2179.85,24.1,0,1936.32,23.5,0,1902.03,23.1,2,2267.93,22.3,0,2305.76,22.6,0,2093.6,22.1,0,1950.11,22.6,0,1883.17,22.3,0,1988.43,23.1,0
"2026-10-01 20:15:00",8863,802,"Chapada_Low",11.81,2178.39,23.9,0,1935.99,23.3,0,1901.82,22.9,0,2267.88,22,0,2307.15,22.4,0,2093.82,21.8,0,1950.55,22.3,0,1883.49,22.2,0,1987.78,22.9,0
"2026-10-01 20:30:00",8864,802,"Chapada_Low",11.82,2179.39,23.6,0,1936.32,23.1,0,1902.42,22.6,0,2268.75,21.7,0,2307.31,22.2,0,2094.15,21.6,0,1949.29,22,0,1884.37,22,0,1986.63,22.6,0
"2026-10-01 20:45:00",8865,802,"Chapada_Low",11.81,2179.34,23.4,0,1935.66,22.8,0,1902.83,22.3,0,2269.5,21.3,0,2307.64,21.9,0,2094.52,21.3,0,1948.71,21.6,0,1884.9,21.8,0,1989.02,22.3,0
"2026-10-01 21:00:00",8866,802,"Chapada_Low",11.82,2179.21,23.2,0,1935.94,22.6,0,1902.35,22.1,0,2269.56,21.1,0,2308.72,21.6,0,2094.54,21,0,1949.76,21.3,0,1885.6,21.5,0,1987.28,22,0
"2026-10-01 21:15:00",8867,802,"Chapada_Low",11.82,2180.48,23,0,1935.93,22.4,0,1903.25,21.9,0,2270.39,20.9,0,2308.56,21.5,0,2094.74,20.9,0,1950.52,21.1,0,1884.92,21.2,0,1988.52,21.9,0
"2026-10-01 21:30:00",8868,802,"Chapada_Low",11.82,2180.81,23,0,1936.42,22.3,0,1903.4,21.9,0,2271.72,20.9,0,2308.64,21.4,0,2094.9,20.9,0,1951,21.2,0,1885.54,21.1,0,1989.26,21.9,0
"2026-10-01 21:45:00",8869,802,"Chapada_Low",11.82,2180.66,22.9,0,1937.25,22.2,0,1903.55,21.9,0,2271.88,21,0,2309.08,21.4,0,2095.31,20.9,0,1950.75,21.2,0,1885.15,21.1,0,1989.15,21.9,0
"2026-10-01 22:00:00",8870,802,"Chapada_Low",11.82,2180.96,22.8,0,1937.02,22.2,0,1903.26,21.9,0,2271.12,21,0,2309.08,21.4,0,2095.94,20.9,0,1951.52,21.2,0,1887.12,21.1,0,1987.99,21.9,0
"2026-10-01 22:15:00",8871,802,"Chapada_Low",11.82,2180.84,22.7,0,1937.18,22.1,0,1904.51,21.8,0,2271.58,21,0,2308.8,21.4,0,2095.32,20.9,0,1951.15,21.2,0,1887,21.1,0,1989.55,21.8,0
"2026-10-01 22:30:00",8872,802,"Chapada_Low",11.82,2180.15,22.7,0,1936.72,22,0,1903.34,21.8,0,2272.06,20.9,0,2309.83,21.4,0,2095.08,20.9,0,1951.92,21.2,0,1885.93,21.1,0,1990.24,21.8,0
"2026-10-01 22:45:00",8873,802,"Chapada_Low",11.82,2180.98,22.6,0,1936.27,22,0,1904.3,21.7,0,2272.35,20.9,5,2309.8,21.3,0,2095.62,20.8,0,1951.98,21.1,0,1887.59,21,0,1989.82,21.7,0
"2026-10-01 23:00:00",8874,802,"Chapada_Low",11.82,2180.99,22.5,0,1937.55,21.9,3,1904.31,21.6,0,2272.03,20.8,0,2310.12,21.2,0,2096.13,20.7,0,1952.28,21,0,1887.98,20.9,0,1988.32,21.6,0
"2026-10-01 23:15:00",8875,802,"Chapada_Low",11.82,2181.74,22.4,0,1937.06,21.6,0,1904.39,21.4,0,2272.57,20.6,0,2309.72,21.1,0,2096.19,20.5,0,1952.78,20.7,0,1887.63,20.6,0,1989.98,21.4,0
"2026-10-01 23:30:00",8876,802,"Chapada_Low",11.82,2180.75,22.2,0,1936.79,21.5,0,1904.26,21.3,0,2273.62,20.5,0,2310.14,21,0,2095.82,20.4,0,1952.33,20.6,0,1887.65,20.5,0,1990.42,21.3,0
"2026-10-01 23:45:00",8877,802,"Chapada_Low",11.82,2179.24,22.1,0,1936.72,21.5,0,1904.62,21.2,0,2273.12,20.4,0,2310.34,20.9,0,2096.13,20.4,0,1953.53,20.6,0,1886.74,20.5,0,1990.37,21.2,0
"2026-10-02 00:00:00",8878,802,"Chapada_Low",11.82,2180.49,22,0,1937.87,21.4,0,1904.63,21.2,0,2272.94,20.4,0,2310.07,20.9,0,2095.68,20.3,0,1955.5,20.5,0,1887.8,20.4,0,1990.47,21.2,0
"2026-10-02 00:15:00",8879,802,"Chapada_Low",11.82,2180.95,22,0,1938.03,21.4,0,1904.72,21.2,0,2273.83,20.4,0,2310.48,20.8,0,2096.09,20.3,0,1955.4,20.5,2,1887.87,20.5,0,1990.3,21.2,0
"2026-10-02 00:30:00",8880,802,"Chapada_Low",11.82,2180.2,22,0,1937.93,21.3,0,1905.23,21.1,0,2273.98,20.3,0,2311.45,20.8,0,2096.64,20.3,0,1956.54,20.5,0,1888.28,20.4,0,1990.87,21.1,0
"2026-10-02 00:45:00",8881,802,"Chapada_Low",11.82,2179.67,21.9,7,1937.43,21.3,0,1904.97,21.1,0,2274.66,20.3,0,2310.32,20.7,0,2096.01,20.2,0,1955.21,20.4,0,1888.42,20.4,0,1989.78,21.1,0
"2026-10-02 01:00:00",8882,802,"Chapada_Low",11.82,2181.31,21.8,0,1937.74,21.2,0,1905.22,21,0,2274.57,20.2,0,2310.55,20.6,0,2096.62,20.1,0,1956.41,20.3,0,1889.09,20.3,0,1990.71,21,0
"2026-10-02 01:15:00",8883,802,"Chapada_Low",11.82,2182.3,21.7,0,1938.09,21,0,1905.88,20.9,1,2274.55,20.1,0,2310.56,20.5,0,2096.67,20,0,1954.44,20.2,0,1888.83,20.2,0,1989.22,20.9,0
"2026-10-02 01:30:00",8884,802,"Chapada_Low",11.82,2180.8,21.6,0,1937.97,20.9,0,1905.09,20.8,0,2275.18,20,0,2310.37,20.5,0,2096.65,20,0,1955.11,20.1,0,1889.23,20.1,0,1990.35,20.8,0
"2026-10-02 01:45:00",8885,802,"Chapada_Low",11.82,2181.26,21.5,0,1938.22,20.9,0,1905.86,20.7,0,2274.66,20,0,2312.08,20.4,0,2097.75,19.9,0,1955.76,20.1,0,1889.54,20,0,1990.54,20.7,0
"2026-10-02 02:00:00",8886,802,"Chapada_Low",11.82,2181.54,21.5,0,1938.34,20.9,0,1905.85,20.7,0,2274.9,20,0,2312.02,20.4,0,2095.46,19.9,0,1956.82,20,0,1889.69,20,0,1990.21,20.7,0
"2026-10-02 02:15:00",8887,802,"Chapada_Low",11.82,2181.93,21.5,0,1938.19,20.9,0,1905.59,20.7,6,2275.45,20,0,2311.41,20.4,0,2097.17,19.9,0,1955.72,20,0,1889.75,20,0,1992.12,20.7,0
"2026-10-02 02:30:00",8888,802,"Chapada_Low",11.82,2182.04,21.4,6,1939.15,20.8,0,1906.41,20.6,1,2275.3,19.9,0,2312.17,20.3,0,2097.04,19.8,0,1956.39,20,0,1889.67,20,0,1989.98,20.6,0
"2026-10-02 02:45:00",8889,802,"Chapada_Low",11.82,2182.2,21.4,0,1938.51,20.7,0,1905.88,20.6,0,2275.35,19.8,0,2311.85,20.3,0,2097.66,19.8,0,1957.74,19.9,0,1889.85,20,0,1990.33,20.6,0
"2026-10-02 03:00:00",8890,802,"Chapada_Low",11.82,2182.32,21.4,0,1938.41,20.7,0,1905.99,20.6,0,2275.62,19.8,0,2312.19,20.2,0,2097.42,19.8,0,1955.77,19.9,0,1890.34,19.9,0,1990.88,20.5,0
"2026-10-02 03:15:00",8891,802,"Chapada_Low",11.82,2182.31,21.3,0,1938.37,20.6,0,1906.05,20.5,0,2275.82,19.8,0,2312.52,20.2,0,2097.6,19.7,0,1958.24,19.8,0,1891.02,19.9,0,1990.74,20.5,0
"2026-10-02 03:30:00",8892,802,"Chapada_Low",11.82,2181.46,21.2,0,1938.7,20.6,0,1906.06,20.4,0,2275.94,19.7,0,2312.25,20.1,0,2096.1,19.6,0,1957.2,19.7,0,1890.46,19.8,0,1991.76,20.4,0
"2026-10-02 03:45:00",8893,802,"Chapada_Low",11.82,2181.09,21.1,0,1938.22,20.4,0,1907.07,20.3,0,2275.75,19.5,0,2312.07,20,0,2095.53,19.5,0,1957.16,19.6,0,1890.88,19.6,0,1991.83,20.2,0
"2026-10-02 04:00:00",8894,802,"Chapada_Low",11.82,2180.83,21,0,1939.05,20.3,0,1906.48,20.1,0,2275.89,19.4,0,2312.99,19.9,0,2095.81,19.4,0,1956.9,19.4,0,1892.69,19.4,0,1992.87,20.1,0
"2026-10-02 04:15:00",8895,802,"Chapada_Low",11.82,2181.16,20.8,0,1938.81,20.1,0,1906.87,20,0,2277.1,19.2,0,2313.67,19.8,0,2095.81,19.3,0,1957.46,19.3,0,1891.87,19.3,0,1992.2,20,0
"2026-10-02 04:30:00",8896,802,"Chapada_Low",11.82,2181.16,20.8,0,1939.73,20.1,0,1906.86,20,0,2277.27,19.2,0,2313.28,19.7,0,2096.04,19.3,0,1958.48,19.3,0,1892.49,19.3,0,1991.72,20,0
"2026-10-02 04:45:00",8897,802,"Chapada_Low",11.82,2182.87,20.8,0,1939.49,20.2,0,1907.34,20,0,2277.79,19.3,0,2313.35,19.7,0,2096.1,19.3,0,1958.62,19.4,0,1891.93,19.3,0,1993.22,20.1,0
"2026-10-02 05:00:00",8898,802,"Chapada_Low",11.82,2180.82,20.8,0,1939.78,20.2,0,1907.72,20.1,5,2277.93,19.3,0,2313.47,19.8,0,2096.55,19.3,0,1958.26,19.4,0,1893.31,19.3,0,1992.15,20.2,0
"2026-10-02 05:15:00",8899,802,"Chapada_Low",11.82,2182.62,20.8,0,1939.21,20.2,0,1907.3,20.1,0,2278.08,19.3,0,2313.1,19.7,0,2096.85,19.2,0,1958.61,19.4,0,1892.38,19.3,0,1992.79,20.2,8
"2026-10-02 05:30:00",8900,802,"Chapada_Low",11.82,2182.59,20.7,0,1940.72,20.2,0,1908.23,20,0,2277.81,19.2,0,2314.18,19.7,0,2097.42,19.2,0,1958.34,19.3,0,1893.96,19.2,0,1994.06,20.2,0
"2026-10-02 05:45:00",8901,802,"Chapada_Low",11.82,2182.97,20.7,0,1939.55,20.1,0,1908,20,0,2278.14,19.2,0,2313.83,19.6,0,2097.68,19.1,0,1959.69,19.2,0,1893.72,19.2,0,1993.37,20,0
"2026-10-02 06:00:00",8902,802,"Chapada_Low",11.82,2182.79,20.6,0,1940.22,20,0,1907.76,19.8,0,2278.58,19.1,0,2313.1,19.5,0,2097.79,19,0,1960.54,19.1,0,1894.57,19.1,0,1991.9,19.9,0
"2026-10-02 06:15:00",8903,802,"Chapada_Low",11.82,2181.77,20.5,0,1941.12,19.9,0,1908.21,19.8,0,2279.06,19,0,2313.25,19.5,0,2097.05,18.9,0,1958.91,19,0,1893.74,19,0,1992.49,19.9,0
"2026-10-02 06:30:00",8904,802,"Chapada_Low",11.83,2183.07,20.5,0,1939.9,19.9,0,1908.04,19.7,0,2279.37,18.9,0,2314.04,19.4,0,2099.17,18.9,0,1961.83,19,0,1893.36,19,0,1993.89,19.8,0
"2026-10-02 06:45:00",8905,802,"Chapada_Low",11.82,2182.15,20.6,0,1940.21,20,0,1908.22,19.9,0,2279.23,19.1,0,2314.03,19.5,0,2097.76,19,0,1960.45,19.1,0,1894.68,19.1,0,1994.19,20,0
"2026-10-02 07:00:00",8906,802,"Chapada_Low",11.82,2183.93,20.7,8,1940.16,20.2,0,1908.07,20.1,0,2279.55,19.2,0,2314.36,19.6,0,2098,19.1,0,1960.09,19.4,0,1894.61,19.3,0,1993.4,20.3,0
"2026-10-02 07:15:00",8907,802,"Chapada_Low",11.82,2183.39,20.9,0,1939.63,20.5,0,1908.04,20.3,0,2278.89,19.5,0,2314.52,19.7,0,2097.97,19.3,0,1960.01,19.7,0,1893.57,19.6,0,1992.21,20.5,0
"2026-10-02 07:30:00",8908,802,"Chapada_Low",11.82,2182.75,21.2,0,1939.58,20.8,0,1908.11,20.6,0,2279.09,19.8,0,2313.28,20,0,2097.52,19.6,0,1959,20,0,1893.59,19.9,0,1993.36,20.8,0
"2026-10-02 07:45:00",8909,802,"Chapada_Low",11.82,2182.91,21.6,0,1939,21.1,0,1908.03,21.1,0,2278.14,20.3,0,2315.32,20.3,0,2098.44,19.9,0,1958.96,20.5,0,1892.24,20.4,0,1991.5,21.3,0
"2026-10-02 08:00:00",8910,802,"Chapada_Low",11.82,2183.2,22.1,0,1939.45,21.6,0,1907.51,21.6,0,2278.26,20.8,0,2315.02,20.8,0,2097.9,20.5,0,1957.94,21.2,0,1893.19,21.1,0,1993.02,22,0
"2026-10-02 08:15:00",8911,802,"Chapada_Low",11.83,2183.53,22.7,0,1938.73,22.2,0,1906.84,22.2,0,2277.33,21.3,0,2313.16,21.3,0,2097.67,21.3,0,1957.66,21.9,0,1891.71,21.9,0,1991.15,22.8,0
"2026-10-02 08:30:00",8912,802,"Chapada_Low",11.82,2183.5,23.2,0,1939,22.7,0,1907.36,22.8,0,2275.73,21.7,0,2313.47,21.7,0,2096.56,21.7,0,1958.32,22.8,0,1888.64,22.8,0,1992.63,23.4,0
"2026-10-02 08:45:00",8913,802,"Chapada_Low",11.82,2183.58,24.1,0,1938.24,23.6,0,1907.08,23.6,0,2275.1,22.2,0,2313.45,22.3,0,2096.1,22.5,0,1957.27,23.5,0,1888.35,24.2,0,1989.98,24.5,0
"2026-10-02 09:00:00",8914,802,"Chapada_Low",11.82,2183.14,24.4,0,1937.32,23.7,0,1906.16,23.8,0,2274.16,22.3,0,2312.66,22.5,0,2094.7,22.5,0,1955.9,23.6,0,1886.49,24.3,0,1989.76,24.7,0
"2026-10-02 09:15:00",8915,802,"Chapada_Low",11.82,2183.63,24.4,0,1937.83,23.8,0,1905.82,23.8,0,2274.26,22.4,0,2311.77,22.5,0,2094.83,22.4,0,1954.17,23.4,0,1886.03,24,0,1989.7,24.5,0
"2026-10-02 09:30:00",8916,802,"Chapada_Low",11.82,2183.41,24.4,0,1937.5,23.8,0,1905.31,24,0,2272.34,22.6,0,2312.14,22.7,0,2095.39,22.5,0,1955.03,23.5,0,1885.75,23.9,0,1989.19,24.7,0
"2026-10-02 09:45:00",8917,802,"Chapada_Low",11.82,2182.3,24.2,0,1937.55,23.7,0,1905.71,23.9,0,2271.7,22.7,0,2311.34,22.7,0,2093.71,22.4,0,1955.29,23.3,0,1884.87,23.7,0,1990.97,24.4,0
"2026-10-02 10:00:00",8918,802,"Chapada_Low",11.82,2182.9,24.2,0,1937.15,23.6,0,1904.82,23.8,0,2272.01,22.6,0,2311.81,22.7,0,2094.25,22.5,0,1955.6,23.3,0,1883.6,23.6,0,1989.03,24.4,0
"2026-10-02 10:15:00",8919,802,"Chapada_Low",11.82,2181.76,24.9,0,1935.93,24.4,0,1906.04,24.6,0,2271.14,23.3,0,2312.47,23.2,0,2094.13,23.2,0,1954.28,24.8,0,1883.2,24.5,0,1989.94,25.6,0
"2026-10-02 10:30:00",8920,802,"Chapada_Low",11.83,2182.07,26.9,3,1934.9,26.4,0,1905.35,26.4,0,2269.21,24.8,0,2311.11,24.5,0,2092.27,24.7,0,1953.03,26.4,0,1880.39,27.9,0,1988.97,28.4,0
"2026-10-02 10:45:00",8921,802,"Chapada_Low",11.82,2183.58,27.7,0,1935.49,26.9,0,1904.83,27.1,0,2268.37,25.3,0,2310.34,25.1,0,2091.99,25.2,0,1952.2,26.9,0,1878.97,28.1,0,1988.37,29.5,0
"2026-10-02 11:00:00",8922,802,"Chapada_Low",11.82,2182.32,28.1,0,1935.17,27,0,1904.65,27.2,0,2268.41,25.5,0,2309.96,25.4,0,2090.12,25.4,0,1950.85,27,0,1878.51,27.9,0,1987.25,29.4,0
"2026-10-02 11:15:00",8923,802,"Chapada_Low",11.82,2182.32,28.6,0,1935.21,27.9,0,1904.86,28.2,0,2266.94,26.1,0,2309.89,26,0,2090.66,26,0,1950.83,27.7,0,1877.39,28.5,0,1987.19,30.2,0
"2026-10-02 11:30:00",8924,802,"Chapada_Low",11.82,2181.8,29.6,0,1932.54,28.7,0,1902.25,29.3,0,2267.73,27.9,0,2309.08,26.7,0,2088.98,26.8,0,1949.45,28.6,0,1875.83,29.6,0,1984.6,31.8,0
"2026-10-02 11:45:00",8925,802,"Chapada_Low",11.82,2181.2,30.2,0,1932.59,29.3,0,1901.67,29.7,0,2266.46,28.1,0,2307.95,27.6,0,2088.72,27.3,0,1947.57,29.2,2,1875.65,30.1,0,1984.31,32.6,0
"2026-10-02 12:00:00",8926,802,"Chapada_Low",11.82,2181.55,30.2,0,1932.66,29.2,0,1902.94,29.5,0,2266.03,27.8,0,2308.67,27.6,0,2087.95,27.9,0,1947.16,29.3,0,1874.88,29.9,0,1983.24,32.3,0
"2026-10-02 12:15:00",8927,802,"Chapada_Low",11.82,2181.15,30.3,2,1932.85,29.3,0,1901.35,29.6,0,2265.64,27.8,0,2307.54,27.6,0,2087.04,27.8,0,1946.2,29.9,0,1874.04,30,0,1982.62,32.2,0
"2026-10-02 12:30:00",8928,802,"Chapada_Low",11.82,2180.54,29.9,0,1932.64,28.8,0,1901.73,29,0,2264.19,27.3,0,2306.8,27.4,0,2086.84,27.3,0,1945.83,29.1,0,1873.16,29.6,0,1983.6,31.3,0
"2026-10-02 12:45:00",8929,802,"Chapada_Low",11.57,2180.37,29.2,3,1933.1,28.2,0,1902.15,28.2,0,2264.1,26.6,0,2306.65,26.8,0,2085.2,26.6,0,1947.29,28.1,0,1874.68,28.5,0,1984.15,30.1,0
"2026-10-02 13:00:00",8930,802,"Chapada_Low",11.84,"NAN","NAN","NAN","NAN","NAN","NAN","NAN","NAN","NAN","NAN","NAN","NAN","NAN","NAN","NAN","NAN","NAN","NAN","NAN","NAN","NAN","NAN","NAN","NAN","NAN","NAN","NAN"
"2026-10-02 13:15:00",8931,802,"Chapada_Low",11.84,2180.47,29.7,0,1932.69,28.7,0,1900.48,29.4,0,2264.01,27,0,2307.28,27.2,0,2086.53,27.2,0,1944.92,28.6,0,1873.28,29,0,1983.66,30.7,0
"2026-10-02 13:30:00",8932,802,"Chapada_Low",11.84,2180.56,30.3,0,1932.44,29.2,0,1900.22,30.9,0,2265,28.4,0,2306.93,27.7,0,2085.1,27.8,0,1944.73,29.3,0,1873.28,29.5,0,1983.19,31.4,0
"2026-10-02 13:45:00",8933,802,"Chapada_Low",11.84,2180.02,30.8,0,1932.29,29.5,0,1899.63,31.8,0,2263.93,28.4,0,2306.7,28.4,0,2084.61,28.1,0,1944.06,29.7,0,1872.46,29.8,0,1981.92,31.8,0
"2026-10-02 14:00:00",8934,802,"Chapada_Low",11.84,2179.93,31.3,0,1932,29.9,0,1899.87,32.5,0,2263.51,28.5,0,2305.9,28.6,0,2084.6,29,0,1942.96,30.5,0,1871.9,30.1,0,1981.48,32.4,0
"2026-10-02 14:15:00",8935,802,"Chapada_Low",11.84,2179.89,32.7,0,1931.18,30.8,0,1899.01,33,0,2261.8,29.8,0,2305.99,29.4,0,2083.8,29.7,0,1943.12,32.1,0,1871.37,30.9,0,1980.34,34,0
"2026-10-02 14:30:00",8936,802,"Chapada_Low",11.84,2178.92,33.2,0,1930.74,31.2,0,1899.76,32.9,0,2261.94,30.1,0,2306.42,29.7,0,2083.14,29.8,0,1941.99,32.8,0,1870.67,31.5,0,1980.1,34.4,0
"2026-10-02 14:45:00",8937,802,"Chapada_Low",11.83,2180.08,33.7,0,1930.95,31.7,0,1898.9,33.3,0,2259.97,30.5,0,2305.56,30.1,0,2081.76,30.1,0,1941.95,32.9,0,1869.24,32.1,0,1978.98,35.2,0
"2026-10-02 15:00:00",8938,802,"Chapada_Low",11.84,2179.25,33.2,0,1930.56,31.3,0,1898.99,32.3,0,2261.18,29.8,0,2305.13,29.8,0,2081.22,29.5,0,1940.78,31.8,0,1870.07,31.3,0,1979.16,34.2,4
"2026-10-02 15:15:00",8939,802,"Chapada_Low",11.84,2178.36,32,0,1929.69,30.6,0,1897.55,31,0,2261.54,28.8,0,2304.28,29,0,2081.61,28.7,0,1941.27,30.4,0,1869.7,30.3,0,1978.11,32.4,0
"2026-10-02 15:30:00",8940,802,"Chapada_Low",11.84,2178.21,30.7,0,1931.75,29.5,0,1897.43,29.9,0,2261.66,27.7,0,2304.26,28.1,0,2080.83,27.7,0,1941.09,29,0,1870.84,29,0,1979.65,30.7,0
"2026-10-02 15:45:00",8941,802,"Chapada_Low",11.84,2177.95,28.9,0,1931.92,27.9,0,1897.93,28,0,2261.08,26.3,0,2303.46,26.8,0,2080.4,26.1,0,1943.58,27,0,1871.72,27.1,0,1980.43,28.6,0
"2026-10-02 16:00:00",8942,802,"Chapada_Low",11.84,2177.61,27.7,0,1932.87,26.8,0,1900.28,26.9,0,2261.35,25.4,0,2304.91,26,0,2081.43,25.5,0,1944.35,26,0,1873.33,26,0,1980.6,27.6,0
"2026-10-02 16:15:00",8943,802,"Chapada_Low",11.84,2177.6,27,0,1933.76,26.1,0,1900.43,26.3,0,2262.11,24.9,0,2304.66,25.5,0,2082.2,25,0,1944.79,25.7,0,1873.13,25.4,0,1981,27,0
"2026-10-02 16:30:00",8944,802,"Chapada_Low",11.84,2178.17,26.5,0,1934.11,25.7,0,1900.5,25.8,0,2262.78,24.5,0,2304.95,25.1,0,2082.23,24.5,0,1945.07,25.2,0,1874.56,25.1,0,1980.26,26.5,0
"2026-10-02 16:45:00",8945,802,"Chapada_Low",11.84,2179.67,25.9,0,1933.49,25.2,0,1900.16,25.3,0,2263.33,24,0,2305.02,24.7,0,2083.02,24,0,1945.52,24.6,0,1874.95,24.5,0,1981.31,26,0
"2026-10-02 17:00:00",8946,802,"Chapada_Low",11.84,2178.4,25.7,0,1934.4,24.8,0,1899.91,24.8,0,2263.33,23.7,0,2305.2,24.3,0,2083.01,23.7,0,1946.34,24.2,2,1874.69,24.2,0,1980.54,25.5,0
"2026-10-02 17:15:00",8947,802,"Chapada_Low",11.84,2174.53,24.6,0,1932.85,24,0,1904.66,23.9,0,2273.1,22.7,0,2307.84,23.6,1,2098.56,22.7,0,1952.12,23,0,1877.78,22.9,0,1989.52,23.6,0
"2026-10-02 17:30:00",8948,802,"Chapada_Low",11.84,2178,23.3,0,1933.16,22.8,0,1905.5,22.8,0,2278.27,21.8,0,2314.24,22.7,0,2129.29,21.6,0,1958.82,21.7,0,1881.91,21.6,0,1999.66,22.5,0
"2026-10-02 17:45:00",8949,802,"Chapada_Low",11.84,2185.52,22.6,0,1936.16,22,0,1908.7,22,0,2289.34,21.2,0,2323.03,22,0,2148.07,20.9,0,1972.39,20.8,0,1898.63,20.8,0,2010.98,21.5,0
"2026-10-02 18:00:00",8950,802,"Chapada_Low",11.84,2183.22,21.9,0,1938.1,21.4,0,1917.1,21.5,0,2294.69,20.6,0,2328.2,21.5,0,2156.68,20.5,2,1976.35,20.1,0,1920.74,20.1,0,2018.36,20.9,0
"2026-10-02 18:15:00",8951,802,"Chapada_Low",11.84,2237.34,21.3,0,1944.75,21.1,0,1929.78,21.1,0,2310.36,20.3,0,2341.15,21.1,0,2173.16,19.9,0,1984.77,19.8,0,1938.04,19.7,0,2029,20.6,0
"2026-10-02 18:30:00",8952,802,"Chapada_Low",11.84,2364.45,21,0,1948.96,20.9,0,1939.59,20.8,10,2324.93,20.2,0,2349.97,20.8,0,2176.65,19.7,6,1990.22,19.5,0,1951.68,19.6,0,2028.68,20.5,0
"2026-10-02 18:45:00",8953,802,"Chapada_Low",11.84,2401.99,20.9,0,1965.44,20.6,0,1964.67,20.5,0,2351.06,20,0,2369.41,20.6,0,2193.07,19.5,0,1997.33,19.4,0,1972.77,19.3,0,2040.22,20.2,0
"2026-10-02 19:00:00",8954,802,"Chapada_Low",11.84,2497.5,20.8,0,1971.97,20.5,0,2175.26,20.3,0,2384.59,19.9,0,2382.95,20.4,0,2197.83,19.3,0,2000.68,19.3,0,1975.2,19.2,0,2064.66,20,0
"2026-10-02 19:15:00",8955,802,"Chapada_Low",11.84,2525.3,20.8,0,1980.6,20.4,0,2204.72,20.3,0,2404.58,19.9,0,2389.13,20.3,0,2192.34,19.3,0,2002.11,19.2,0,1969.91,19.2,0,2104.72,20,0
"2026-10-02 19:30:00",8956,802,"Chapada_Low",11.84,2500.06,20.8,0,1989.19,20.3,0,2212.75,20.2,0,2412.89,19.8,0,2393.23,20.3,0,2196.07,19.3,0,2007.04,19.3,0,1972.61,19.3,0,2127,20,0
"2026-10-02 19:45:00",8957,802,"Chapada_Low",11.84,2488.52,20.8,0,1993.33,20.1,0,2215.6,20.1,0,2417.92,19.7,0,2398.42,20.1,0,2189.96,19.3,0,2007.61,19.2,0,1974.71,19.1,0,2143.72,19.8,0
"2026-10-02 20:00:00",8958,802,"Chapada_Low",11.84,2476.52,20.8,0,1997.24,20,0,2218.4,20.1,0,2423.43,19.6,0,2403.81,20,0,2188.02,19.3,0,2010.82,19.1,0,1974.21,19.1,0,2153.6,19.7,0
"2026-10-02 20:15:00",8959,802,"Chapada_Low",11.84,2470.57,20.7,0,1999.56,20,0,2218.44,20,0,2427.82,19.6,0,2409.84,20,0,2188.63,19.3,0,2013.36,19.2,0,1976.69,19.1,0,2163.67,19.7,0
"2026-10-02 20:30:00",8960,802,"Chapada_Low",11.84,2465.93,20.7,0,2001.27,20,0,2218.6,20,0,2431.17,19.6,0,2415.86,20,0,2187.34,19.3,0,2015.38,19.2,0,1975.93,19.2,0,2169.06,19.7,0
"2026-10-02 20:45:00",8961,802,"Chapada_Low",11.84,2462.74,20.7,0,2001.98,20,0,2219.54,20.1,0,2434.06,19.7,0,2419.86,20,0,2186.07,19.4,0,2016.81,19.4,0,1976.45,19.4,0,2171.83,19.8,0
"2026-10-02 21:00:00",8962,802,"Chapada_Low",11.84,2458.35,20.8,0,2003.03,20.1,0,2220.2,20.1,0,2435.14,19.7,0,2424.07,20.1,0,2185.92,19.5,0,2018.28,19.5,0,1976.89,19.5,0,2177.35,19.9,0
"2026-10-02 21:15:00",8963,802,"Chapada_Low",11.85,2454.57,20.8,0,2005.2,20,0,2220.1,20.1,3,2437.27,19.7,0,2426.34,20.1,0,2185.32,19.6,0,2020.64,19.5,0,1977.41,19.6,0,2179.94,19.8,0
"2026-10-02 21:30:00",8964,802,"Chapada_Low",11.84,2450.54,20.7,0,2004.36,20,0,2220.28,20.1,1,2438.69,19.7,0,2428.99,20,0,2183.58,19.6,0,2022.8,19.5,0,1978.01,19.6,0,2183.32,19.9,0
"2026-10-02 21:45:00",8965,802,"Chapada_Low",11.84,2446.94,20.7,0,2004.81,20,0,2220.15,20.1,0,2440.09,19.7,0,2433.39,20,0,2184.57,19.6,0,2024.84,19.6,0,1978.13,19.6,0,2187.06,19.9,0
"2026-10-02 22:00:00",8966,802,"Chapada_Low",11.84,2444.46,20.7,2,2005.11,19.9,0,2220.63,20,0,2441.56,19.6,0,2435.09,20,0,2182.53,19.6,0,2026.76,19.5,0,1979.09,19.5,0,2191.13,19.8,0
"2026-10-02 22:15:00",8967,802,"Chapada_Low",11.85,2442.11,20.7,0,2005.22,19.9,0,2220.82,20,0,2444.38,19.6,0,2437.31,19.9,0,2183.8,19.6,0,2027.53,19.5,0,1980.17,19.4,0,2194.23,19.8,0
"2026-10-02 22:30:00",8968,802,"Chapada_Low",11.84,2439.39,20.5,0,2005.06,19.9,0,2220.03,20,0,2445.34,19.6,0,2437.77,19.9,0,2181.14,19.6,0,2029.56,19.5,0,1980.34,19.4,0,2194.5,19.8,8
"2026-10-02 22:45:00",8969,802,"Chapada_Low",11.85,2434.97,20.4,0,2005.54,19.8,0,2220.98,19.8,0,2447.64,19.5,2,2439.78,19.8,0,2180.62,19.5,0,2031.84,19.4,0,1981.24,19.3,0,2197.48,19.7,0
"2026-10-02 23:00:00",8970,802,"Chapada_Low",11.85,2432.8,20.4,0,2006.27,19.6,0,2220.81,19.7,0,2449.03,19.3,0,2439.89,19.7,1,2180.56,19.4,0,2034.54,19.2,0,1982.3,19.2,0,2201.09,19.5,0
"2026-10-02 23:15:00",8971,802,"Chapada_Low",11.84,2431.43,20.3,0,2007,19.5,0,2220.57,19.6,0,2450.75,19.2,0,2443.2,19.6,0,2180.17,19.3,0,2035.07,19.1,0,1981.76,19,0,2203.05,19.5,0
"2026-10-02 23:30:00",8972,802,"Chapada_Low",11.84,2428.46,20.2,0,2007.5,19.4,0,2221.02,19.5,0,2452.01,19.2,0,2443.18,19.5,0,2179.8,19.2,0,2037.52,19.1,0,1982.95,19,0,2204.58,19.4,0
"2026-10-02 23:45:00",8973,802,"Chapada_Low",11.84,2427.18,20.1,0,2007.84,19.4,0,2220.78,19.5,0,2454.16,19.1,0,2444.41,19.5,0,2180.08,19.1,0,2041.51,19,0,1983.63,18.9,0,2206.62,19.4,0
"2026-10-03 00:00:00",8974,802,"Chapada_Low",11.84,2424.57,20,0,2007.5,19.3,0,2220.85,19.4,0,2454.64,19,0,2445.69,19.4,0,2179.91,19.1,0,2041.82,18.9,0,1985.23,18.7,0,2208.55,19.3,0
"2026-10-03 00:15:00",8975,802,"Chapada_Low",11.84,2424.12,19.8,0,2008.17,19.2,0,2220.81,19.3,0,2455.29,18.9,0,2446.48,19.3,4,2181.52,19,0,2044.42,18.8,0,1986.33,18.6,0,2207.32,19.2,0
"2026-10-03 00:30:00",8976,802,"Chapada_Low",11.84,2422.04,19.8,0,2008.75,19.1,0,2220.91,19.3,0,2456.66,18.9,0,2446.71,19.3,0,2181.5,19,0,2045.34,18.8,0,1986.11,18.7,0,2210.67,19.2,0
"2026-10-03 00:45:00",8977,802,"Chapada_Low",11.84,2420.63,19.8,0,2008.34,19.2,0,2221.13,19.3,0,2457.95,18.9,0,2447.09,19.3,0,2179.58,19,0,2047.94,18.8,0,1986.81,18.7,0,2212.12,19.3,0
"2026-10-03 01:00:00",8978,802,"Chapada_Low",11.84,2420.92,19.7,0,2008.52,19.1,0,2220.87,19.3,2,2459.26,18.9,0,2447.58,19.3,0,2178.81,19,0,2048.98,18.8,0,1988.32,18.7,0,2210.55,19.3,0
"2026-10-03 01:15:00",8979,802,"Chapada_Low",11.84,2417.85,19.7,0,2009.22,19.1,0,2221.15,19.3,1,2460.21,18.9,0,2448.04,19.3,0,2179.71,19,0,2050.23,18.8,0,1987.06,18.7,0,2212.83,19.3,0
"2026-10-03 01:30:00",8980,802,"Chapada_Low",11.84,2416.63,19.7,0,2009.42,19.1,0,2220.67,19.3,0,2460.72,18.9,0,2448.61,19.3,0,2180.63,19,0,2050.96,18.8,0,1987.02,18.8,0,2215.06,19.2,0
"2026-10-03 01:45:00",8981,802,"Chapada_Low",11.84,2416.67,19.7,0,2008.64,19.1,0,2221.37,19.3,0,2461.72,18.9,0,2449.49,19.3,0,2180.47,19,0,2053.76,18.8,0,1988.72,18.7,0,2217.23,19.2,0
"2026-10-03 02:00:00",8982,802,"Chapada_Low",11.84,2415.01,19.7,0,2009.24,19.1,0,2220.47,19.3,0,2462.16,18.9,0,2449.91,19.3,0,2179.49,18.9,0,2052.96,18.8,0,1988.12,18.7,0,2215.71,19.2,0
"2026-10-03 02:15:00",8983,802,"Chapada_Low",11.84,2413.32,19.7,0,2009.7,19.1,0,2221.33,19.3,0,2463.73,19,0,2450.06,19.3,0,2179.28,19,0,2056.02,18.9,0,1988.59,18.8,0,2217.34,19.3,0
"2026-10-03 02:30:00",8984,802,"Chapada_Low",11.84,2413.28,19.7,0,2009.52,19.2,0,2220.67,19.4,0,2463.95,19,0,2449.78,19.3,0,2179.21,19,0,2054.76,18.9,0,1988.66,18.9,0,2218.43,19.3,7
"2026-10-03 02:45:00",8985,802,"Chapada_Low",11.82,2412.19,19.7,0,2009.04,19.2,0,2220.27,19.4,1,2465.06,19,0,2450.02,19.3,0,2178.85,19,0,2056.41,18.9,0,1990.64,18.9,0,2221.09,19.3,0
"2026-10-03 03:00:00",8986,802,"Chapada_Low",11.82,2412.63,19.7,0,2010.11,19.2,0,2220.21,19.4,0,2465.62,19,0,2450.39,19.3,0,2179.79,19,0,2056.66,18.9,0,1989.41,18.9,0,2222.79,19.3,0
"2026-10-03 03:15:00",8987,802,"Chapada_Low",11.83,2410.15,19.7,0,2009.82,19.2,0,2220.58,19.4,0,2466.68,19,0,2451,19.3,0,2178.43,19,0,2059.13,18.9,0,1989.86,18.9,0,2223.82,19.3,0
"2026-10-03 03:30:00",8988,802,"Chapada_Low",11.84,2408.62,19.7,0,2010.28,19.2,0,2220.36,19.4,1,2466.64,19,0,2450.44,19.3,0,2178.66,19,0,2060.25,18.9,1,1989.29,18.9,0,2222.89,19.3,0
"2026-10-03 03:45:00",8989,802,"Chapada_Low",11.84,2407.89,19.7,0,2011.1,19.2,0,2220.66,19.3,0,2467.46,19,0,2451.19,19.3,0,2179.14,19,0,2060.18,18.9,0,1989.81,18.9,0,2225.83,19.3,0
"2026-10-03 04:00:00",8990,802,"Chapada_Low",11.84,2405.89,19.6,0,2010.49,19.1,0,2221.06,19.3,0,2468.45,18.9,0,2451.22,19.3,0,2179.07,19,0,2060.8,18.8,0,1990.79,18.8,0,2226.5,19.3,0
"2026-10-03 04:15:00",8991,802,"Chapada_Low",11.84,2405.74,19.6,0,2011.45,19.1,0,2220.63,19.3,0,2469.02,18.9,0,2451.34,19.2,0,2178.03,18.9,0,2061.36,18.8,0,1991.71,18.8,0,2227.15,19.2,0
"2026-10-03 04:30:00",8992,802,"Chapada_Low",11.84,2404.69,19.6,0,2011.05,19.1,0,2220,19.3,0,2470,18.9,0,2451.44,19.2,0,2178.59,18.9,0,2062.36,18.8,0,1990.22,18.8,0,2226.48,19.2,0
"2026-10-03 04:45:00",8993,802,"Chapada_Low",11.84,2403.23,19.6,0,2012.05,19.1,0,2219.88,19.3,1,2471.47,18.9,0,2452.19,19.2,0,2178.28,18.9,0,2061.4,18.8,0,1990.45,18.8,0,2227.9,19.2,0
"2026-10-03 05:00:00",8994,802,"Chapada_Low",11.84,2403.89,19.6,0,2012.62,19.1,8,2220.52,19.2,0,2471.39,18.9,0,2452.17,19.2,0,2178.88,18.9,0,2063.8,18.8,0,1991.25,18.8,0,2228.1,19.2,0
"2026-10-03 05:15:00",8995,802,"Chapada_Low",11.84,2401.67,19.6,0,2013.04,19.1,0,2220.47,19.2,0,2472.43,18.9,0,2453.19,19.2,0,2178.29,18.9,1,2061.93,18.8,0,1992.19,18.8,0,2228.75,19.2,0
"2026-10-03 05:30:00",8996,802,"Chapada_Low",11.84,2400.43,19.5,0,2012.66,19.1,0,2220.57,19.2,0,2474.23,18.8,0,2453.12,19.2,0,2179.79,18.9,0,2063.39,18.7,0,1991.54,18.7,0,2230.89,19.1,0
"2026-10-03 05:45:00",8997,802,"Chapada_Low",11.84,2398.91,19.5,0,2012.74,19.1,0,2220.43,19.2,0,2475.97,18.8,0,2454.08,19.2,0,2183.83,18.9,0,2063.87,18.7,0,1991.64,18.8,0,2233.77,19.1,0
"2026-10-03 06:00:00",8998,802,"Chapada_Low",11.84,2395.98,19.5,4,2013.77,19.1,0,2221.46,19.2,4,2479.57,18.8,0,2455,19.1,0,2200.03,18.9,0,2065.08,18.7,0,1993.43,18.8,0,2234.56,19.1,0
"2026-10-03 06:15:00",8999,802,"Chapada_Low",11.82,2390.79,19.5,0,2013.68,19,5,2222.26,19.2,0,2485.51,18.8,0,2458.33,19.1,0,2212.55,18.8,0,2070.73,18.7,0,1995.96,18.7,0,2237.91,19.1,0
"2026-10-03 06:30:00",9000,802,"Chapada_Low",11.82,2390.83,19.5,0,2014.82,19,0,2222.97,19.2,0,2486.69,18.8,0,2461.04,19.1,0,2211.96,18.8,0,2070.83,18.7,0,1996.43,18.7,0,2238.78,19.1,0
"2026-10-03 06:45:00",9001,802,"Chapada_Low",11.84,2390.06,19.5,0,2014.79,19,6,2222.78,19.2,2,2486.43,18.8,0,2463.35,19.1,0,2211.51,18.8,0,2073.19,18.7,0,1996.87,18.8,0,2239.76,19.1,6
"2026-10-03 07:00:00",9002,802,"Chapada_Low",11.84,2390.99,19.5,0,2015.7,19,0,2223.36,19.2,0,2487.7,18.8,0,2465.22,19.1,0,2210.09,18.8,0,2075.27,18.8,0,1997.69,18.8,0,2240.82,19.2,0
"2026-10-03 07:15:00",9003,802,"Chapada_Low",11.84,2391.25,19.6,0,2014.7,19.1,0,2223.43,19.3,0,2487.46,18.9,0,2466.02,19.2,2,2211.18,18.9,0,2073.69,18.9,0,1998.55,18.9,0,2241.35,19.3,0
"2026-10-03 07:30:00",9004,802,"Chapada_Low",11.84,2390.61,19.8,0,2014.94,19.3,0,2222.67,19.4,0,2487.18,19.1,0,2466.52,19.3,0,2209.3,19.1,0,2075.1,19.1,0,1997.81,19.1,0,2241.95,19.5,0
"2026-10-03 07:45:00",9005,802,"Chapada_Low",11.84,2391.57,19.9,0,2015.07,19.4,0,2222.89,19.6,0,2486.11,19.3,0,2466.66,19.4,0,2208.64,19.3,0,2075.13,19.2,0,1997.96,19.3,0,2244.88,19.7,4
"2026-10-03 08:00:00",9006,802,"Chapada_Low",11.84,2392.33,20.1,0,2013.82,19.7,0,2223.15,19.8,0,2486.07,19.5,0,2467.33,19.6,0,2209.39,19.5,0,2075.58,19.5,0,1997.89,19.6,0,2244.11,20,0
"2026-10-03 08:15:00",9007,802,"Chapada_Low",11.84,2393.27,20.3,0,2014.9,20,0,2222.8,20.1,0,2485.74,19.7,0,2468.66,19.8,0,2208.12,19.8,11,2077.71,19.8,0,1997.87,19.8,0,2244.46,20.3,0
"2026-10-03 08:30:00",9008,802,"Chapada_Low",11.84,2391.91,20.5,0,2015.98,20.1,0,2222.77,20.2,0,2484.89,20,0,2468.76,19.9,0,2207.35,19.9,0,2077.82,20,0,1998.02,20,0,2243.45,20.4,0
"2026-10-03 08:45:00",9009,802,"Chapada_Low",11.84,2392.74,20.6,0,2016.14,20.2,9,2222.49,20.3,0,2485.03,20.1,0,2468.35,20.1,0,2205.56,20.1,0,2078.07,20.1,0,1997.6,20.1,0,2244.17,20.6,0
"2026-10-03 09:00:00",9010,802,"Chapada_Low",11.84,2391.87,20.8,0,2015.24,20.4,0,2221.83,20.5,0,2484.25,20.2,0,2468.52,20.2,0,2204.01,20.3,0,2076.89,20.3,0,1997,20.3,0,2245.92,20.8,0
"2026-10-03 09:15:00",9011,802,"Chapada_Low",11.84,2392.46,21,0,2015.78,20.6,0,2222.12,20.7,0,2484.2,20.4,0,2468.37,20.4,0,2202.38,20.5,0,2075.06,20.7,0,1997.25,20.8,0,2245.2,21.1,0
"2026-10-03 09:30:00",9012,802,"Chapada_Low",11.84,2391.12,21.1,0,2015.89,20.7,0,2221.84,20.8,0,2483.86,20.5,0,2467.69,20.5,0,2201.88,20.6,4,2074.01,20.7,0,1996.82,20.9,0,2246.81,21.3,0
"2026-10-03 09:45:00",9013,802,"Chapada_Low",11.84,2390.25,21.2,0,2015.73,20.8,0,2221.42,20.8,0,2484.14,20.6,0,2467.84,20.6,0,2203.62,20.7,0,2073.23,20.7,0,1998.57,20.8,0,2245.9,21.3,0
"2026-10-03 10:00:00",9014,802,"Chapada_Low",11.84,2388.88,21.2,0,2015.87,20.8,0,2221.86,20.7,0,2484.9,20.5,0,2467.25,20.6,0,2201.34,20.6,0,2073.39,20.6,0,1998.36,20.7,1,2246.46,21.1,0
"2026-10-03 10:15:00",9015,802,"Chapada_Low",11.84,2389.12,21.3,0,2016.08,21,0,2220.54,21,0,2484.45,20.7,0,2467.8,20.7,0,2200.17,20.7,0,2074.15,20.8,0,1997.44,20.8,0,2248.61,21.3,0
"2026-10-03 10:30:00",9016,802,"Chapada_Low",11.84,2389.08,21.6,0,2015.74,21.2,0,2220.79,21.2,0,2483.77,21.1,0,2467.35,21,0,2199.44,21.1,0,2073.58,21.1,0,1998.74,21.2,0,2248.86,21.7,0
"2026-10-03 10:45:00",9017,802,"Chapada_Low",11.84,2388.34,21.9,0,2015.99,21.6,3,2221.91,21.5,0,2483.23,21.4,0,2466.71,21.4,16,2198.83,21.7,0,2073.1,21.5,0,1997.45,21.6,0,2248.84,22.1,0
"2026-10-03 11:00:00",9018,802,"Chapada_Low",11.84,2387.77,22.2,0,2015.17,21.9,0,2221.32,21.8,0,2483.25,21.7,0,2466.72,21.6,0,2198.18,22,0,2073.31,22.6,0,1997.17,22,0,2247.26,22.5,0
"2026-10-03 11:15:00",9019,802,"Chapada_Low",11.84,2387.69,22.5,0,2014.42,22.1,0,2220.67,22.1,0,2482.44,21.9,0,2466.09,21.8,0,2196.55,22.2,0,2072.88,22.5,0,1994.48,22.9,0,2246.92,23,0
"2026-10-03 11:30:00",9020,802,"Chapada_Low",11.84,2385.95,22.9,0,2014.72,22.3,0,2220.1,22.3,0,2482.43,22.1,0,2466.02,22,0,2196.21,22.3,0,2073.2,22.5,0,1995.27,22.9,0,2247.31,23.8,0
