"TOA5","Chapada_High","CR1000X","73483","CR1000X.8.5.0","CPU:Brazil_beta_v031126v6-new.CR1X","30956","Redox15"
"TIMESTAMP","RECORD","Statname","BattV","RedoxRa(1)","RedoxRa(2)","RedoxRa(3)","RedoxRa(4)","RedoxRa(5)","RedoxRa(6)","RedoxRa(7)","RedoxRa(8)","RedoxRa(9)","RedoxRa(10)","RedoxRa(11)","RedoxRa(12)","RedoxRa(13)","RedoxRa(14)","RedoxRa(15)","RedoxRa(16)","RedoxRa(17)","RedoxRa(18)","RedoxRb(1)","RedoxRb(2)","RedoxRb(3)","RedoxRb(4)","RedoxRb(5)","RedoxRb(6)","RedoxRb(7)","RedoxRb(8)","RedoxRb(9)","RedoxRb(10)","RedoxRb(11)","RedoxRb(12)","RedoxRb(13)","RedoxRb(14)","RedoxRb(15)","RedoxRb(16)","RedoxRb(17)","RedoxRb(18)"
"TS","RN","","Volts","mV","mV","mV","mV","mV","mV","mV","mV","mV","mV","mV","mV","mV","mV","mV","mV","mV","mV","mV","mV","mV","mV","mV","mV","mV","mV","mV","mV","mV","mV","mV","mV","mV","mV","mV","mV"
"","","Smp","Smp","Smp","Smp","Smp","Smp","Smp","Smp","Smp","Smp","Smp","Smp","Smp","Smp","Smp","Smp","Smp","Smp","Smp","Smp","Smp","Smp","Smp","Smp","Smp","Smp","Smp","Smp","Smp","Smp","Smp","Smp","Smp","Smp","Smp","Smp","Smp","Smp"
"2026-10-01 01:30:00",4572,"NAN",11.88,2895.296,2265.132,3892.674,1071.076,2170.766,2424.975,3728.375,1232.905,3891.451,2126.306,3609.647,1813.928,3320.997,1200.938,3623.51,2985.158,3227.231,4065.052,2499.305,1961.222,3085.42,808.7703,1870.365,2100.78,2938.206,966.734,3075.357,1830.132,2825.208,1534.998,2438.542,930.9543,2824.835,2298.685,2327.454,3218.86
"2026-10-01 01:45:00",4573,"NAN",11.88,2898.009,2255.753,3897.91,1072.638,2173.088,2424.388,3728.517,1232.411,3894.549,2126.428,3611.899,1817.382,3325.452,1202.332,3626.199,2985.53,3227.655,4070.314,2302.289,1951.428,3080.136,810.4753,1872.396,2101.961,2968.518,967.5962,3104.078,1832.182,2824.497,1538.672,2434.882,933.0819,2828.775,2529.295,2358.419,3209.145
"2026-10-01 02:00:00",4574,"NAN",11.88,2902.443,2246.671,3901.583,1074.604,2175.797,2425.091,3733.595,1232.107,3898.572,2128.245,3614.948,1820.336,3328.134,1204.484,3630.653,2987.676,3231.92,4070.424,2521.565,1945.122,3073.298,811.3634,1874.437,2101.164,2939.823,965.5479,3093.554,1832.351,2824.643,1540.462,2396.267,933.4073,2829.352,2291.547,2404.741,3211.244
"2026-10-01 02:15:00",4575,"NAN",11.86,2906.39,2236.835,3901.677,1075.548,2177.947,2424.78,3735.496,1231.004,3898.272,2129.558,3618.175,1823.207,3331.808,1205.599,3633.592,2991.774,3232.667,4075.567,2285.588,1933.175,3086.101,812.8454,1876.88,2102.835,2953.38,965.6866,3102.045,1834.682,2827.428,1543.793,2387.763,934.7913,2840.921,2286.608,2376.379,3214.635
"2026-10-01 02:30:00",4576,"NAN",11.88,2909.869,2226.142,3906.102,1077.489,2181.038,2423.583,3739.64,1230.6,3901.45,2130.935,3619.953,1825.773,3335.549,1207.503,3638.115,2994.351,3238.981,4080.446,2324.697,1923.362,3111.348,814.8581,1879.215,2101.543,2956.346,964.6293,3085.154,1835.234,2832.955,1545.432,2451.941,937.252,2860.002,2411.327,2362.896,3227.854
"2026-10-01 02:45:00",4577,"NAN",11.88,2913.56,2218.076,3904.999,1079.771,2184.332,2425.787,3743.734,1232.122,3900.91,2132.406,3622.642,1829.772,3339.041,1209.872,3640.703,2997.533,3241.268,4083.048,2516.478,1919.636,3110.098,817.4233,1882.873,2102.382,2960.038,965.616,3109.048,1837.134,2843.935,1549.531,2392.292,938.7072,2859.531,2472.415,2358.45,3223.966
"2026-10-01 03:00:00",4578,"NAN",11.85,2914.931,2210.456,3909.271,1080.783,2186.431,2424.798,3743.667,1230.296,3905.228,2133.078,3626.243,1831.37,3339.401,1210.715,3644.6,2999.019,3246.017,4085.182,2336.04,1909.773,3092.621,818.9399,1886.423,2102.16,2960.35,965.0691,3088.094,1839.213,2840.671,1551.709,2397.164,940.9018,2863.631,2286.775,2400.604,3230.315
"2026-10-01 03:15:00",4579,"NAN",11.89,2920.108,2206.052,3909.672,1082.614,2189.107,2425.218,3745.231,1229.961,3904.715,2134.324,3628.735,1833.914,3344.407,1212.601,3647.255,2998.648,3249.446,4086.783,2326.441,1906.486,3124.594,820.958,1887.565,2103.46,2962.096,964.7515,3094.554,1838.923,2850.24,1555.413,2404.195,942.3286,2855.244,2356.173,2357.219,3222.761
"2026-10-01 03:30:00",4580,"NAN",11.89,2919.241,2200.791,3913.97,1085.035,2191.666,2426.094,3748.423,1230.243,3908.127,2135.574,3629.224,1837.43,3345.526,1214.32,3649.471,3003.084,3250.998,4089.839,2531.76,1905.244,3098.145,822.6329,1890.428,2103.641,2970.17,964.7928,3109.564,1839.838,2843.238,1557.614,2468.221,944.8837,2876.036,2354.331,2386.182,3228.743
"2026-10-01 03:45:00",4581,"NAN",11.88,2925.092,2192.552,3914.329,1085.595,2193.948,2425.998,3750.44,1229.205,3910.801,2136.21,3634.207,1838.765,3350.583,1215.763,3651.714,3004.514,3254.799,4088.577,2292.547,1893.602,3101.651,823.5568,1892.554,2104.026,2982.996,963.9301,3093.81,1840.445,2842.197,1558.934,2420.737,945.5742,2871.006,2290.198,2351.297,3248.044
"2026-10-01 04:00:00",4582,"NAN",11.88,2929.608,2175.486,3918.331,1086.642,2195.254,2425.068,3753,1228.115,3909.134,2135.958,3635.702,1841.552,3350.838,1216.521,3654.647,3005.926,3255.843,4095.089,2308.679,1876.889,3099.188,823.9802,1893.712,2101.805,2969.005,962.3724,3092.439,1841.417,2844.666,1560.802,2479.117,947.3032,2865.493,2372.716,2356.117,3238.728
"2026-10-01 04:15:00",4583,"NAN",11.88,2931.088,2150.105,3920.49,1089.025,2199.235,2424.973,3752.71,1227.525,3911.183,2137.346,3639.278,1844.92,3355.136,1218.86,3657.808,3007.453,3259.706,4094.395,2371.317,1854.41,3104.551,826.1787,1896.358,2103.59,2972.126,962.0342,3108.375,1841.559,2870.223,1564.852,2478.693,948.7795,2871.624,2388.764,2412.84,3231.492
"2026-10-01 04:30:00",4584,"NAN",11.88,2934.164,2151.095,3921.156,1091.125,2202.17,2425.948,3756.925,1227.197,3914.478,2138.211,3641.991,1847.22,3358.323,1220.917,3659.237,3009.984,3264.134,4099.013,2432.142,1855.668,3102.283,827.7844,1899.62,2103.958,2959.571,960.4949,3090.573,1841.775,2866.215,1566.749,2381.691,948.8542,2878.22,2375.584,2401.332,3258.894
"2026-10-01 04:45:00",4585,"NAN",11.89,2936.34,2151.92,3924.557,1092.24,2204.251,2425.914,3758.269,1226.203,3916.951,2139.516,3642.327,1848.671,3360.379,1222.06,3662.556,3012.531,3266.152,4096.889,2315.149,1855.411,3124.091,829.6491,1901.518,2103.073,2974.438,960.5977,3108.519,1843.452,2859.865,1568.502,2424.11,951.3089,2873.27,2365.233,2351.709,3230.867
"2026-10-01 05:00:00",4586,"NAN",11.88,2939.884,2152.425,3925.929,1094.466,2207.054,2426.384,3758.546,1225.795,3919.655,2140.361,3647.226,1851.365,3364.187,1223.972,3664.03,3015.35,3269.167,4099.613,2530.338,1859.462,3120.133,831.1142,1903.41,2103.707,2978.313,959.8185,3095.885,1843.639,2867.284,1570.203,2416.575,952.3242,2887.977,2288.771,2396.479,3236.334
"2026-10-01 05:15:00",4587,"NAN",11.84,2941.227,2154.286,3927.841,1095.84,2209.895,2427.151,3758.337,1225.334,3919.321,2141.503,3646.675,1853.495,3366.123,1225.206,3668.614,3013.906,3271.166,4102.163,2403.65,1859.051,3126.09,832.9155,1906.322,2103.787,2970.22,959.2197,3115.839,1845.504,2866.259,1572.438,2456.764,954.8621,2884.628,2366.74,2379.547,3246.877
"2026-10-01 05:30:00",4588,"NAN",11.85,2942.999,2150.915,3926.239,1096.988,2212.317,2427.364,3763.326,1224.197,3918.919,2142.031,3650.043,1854.812,3366.148,1226.515,3669.785,3018.063,3275.211,4106.136,2361.013,1856.749,3102.099,834.2199,1908.109,2104.852,2953.189,957.9994,3110.376,1845.852,2875.287,1574.675,2376.007,954.6198,2894.614,2434.612,2371.403,3236.825
"2026-10-01 05:45:00",4589,"NAN",11.88,2959.08,2157.641,3944.029,1102.008,2215.139,2427.294,3775.781,1228.716,3934.111,2152.959,3668.983,1866.731,3382.548,1232.361,3683.55,3031.389,3289.189,4118.552,2333.061,1860.523,3122.049,838.8648,1910.986,2106.136,3003.635,962.5176,3104.299,1855.866,2896.335,1584.875,2434.84,961.0485,2897.239,2285.39,2341.833,3251.27
"2026-10-01 06:00:00",4590,"NAN",11.88,2950.248,2135.618,3934.513,1099.943,2217.295,2427.304,3765.659,1222.731,3924.274,2143.124,3656.925,1859.793,3372.081,1229.091,3673.344,3018.126,3280.128,4110.141,2360.156,1840.13,3107.823,836.5461,1913.597,2104.502,2994.777,956.9026,3099.534,1846.473,2876.03,1577.901,2455.929,958.3525,2898.696,2309.644,2348.279,3243.73
"2026-10-01 06:15:00",4591,"NAN",11.88,2954.007,2131.061,3937.038,1102.285,2220.347,2427.914,3768.465,1222.441,3924.278,2143.953,3657.629,1862,3376.767,1231.247,3678.104,3019.723,3281.398,4107.341,2320.713,1836.002,3110.615,838.4077,1915.891,2105.223,2975.108,955.8123,3119.424,1847.628,2882.632,1580.042,2517.691,960.7501,2899.415,2526.248,2406.436,3259.183
"2026-10-01 06:30:00",4592,"NAN",11.88,2957.467,2128.958,3934.374,1104.286,2222.813,2428.895,3765.532,1222.058,3924.557,2145.283,3660.565,1863.987,3378.727,1233.122,3679.211,3022.835,3286.11,4113.612,2298.193,1834.361,3114.562,840.1498,1918.696,2106.573,2990.075,955.4212,3102.618,1847.667,2883.621,1582.761,2469.946,961.2798,2900.389,2358.168,2398.021,3256.959
"2026-10-01 06:45:00",4593,"NAN",11.88,2970.728,2145.826,3952.325,1110.479,2226.638,2431.233,3782.246,1227.389,3937.053,2157.001,3675.466,1875.671,3392.411,1239.852,3691.076,3043.848,3298.729,4124.697,2483.833,1852.702,3162.823,847.3168,1922.469,2106.743,3007.913,961.1893,3108.036,1859.399,2902.831,1594.171,2406.254,967.6891,2907.244,2487.944,2413.031,3276.456
"2026-10-01 07:00:00",4594,"NAN",11.86,2972.667,2155.289,3952.13,1112.735,2230.207,2433.286,3782.684,1227.414,3932.386,2158.782,3674.934,1876.943,3394.705,1242.669,3692.227,3050.614,3301.827,4126.878,2305.17,1858.579,3162.667,850.2878,1925.049,2110.154,2992.416,961.778,3116.705,1861.246,2894.565,1595.861,2473.645,971.9592,2916.023,2350.692,2383.086,3267.971
"2026-10-01 07:15:00",4595,"NAN",11.88,2962.702,2144.541,3941.342,1110.585,2232.61,2434.402,3765.857,1221.646,3920.063,2147.809,3657.187,1867.227,3383.899,1240.049,3679.635,3038.722,3291.175,4113.947,2304.427,1849.692,3137.765,848.6674,1927.981,2111.89,2982.437,956.6706,3099.919,1851.957,2882.824,1586.227,2473.595,970.4001,2900.675,2296.318,2378.03,3247.846
"2026-10-01 07:30:00",4596,"NAN",11.89,2968.614,2147.288,3940.423,1111.136,2236.155,2437.832,3769.556,1221.256,3917.814,2147.976,3658.534,1865.493,3384.288,1242.529,3678.372,3042.824,3294.901,4109.944,2302.269,1851.219,3110.775,848.3879,1930.366,2113.23,2978.49,955.8359,3102.831,1851.715,2874.065,1584.225,2472.631,972.4858,2902.377,2326.18,2346.445,3262.678
"2026-10-01 07:45:00",4597,"NAN",11.88,2970.71,2150.912,3940.562,1111.719,2240.276,2435.615,3768.931,1220.395,3915.953,2148.843,3658.109,1863.083,3387.547,1244.99,3677.487,3047.792,3295.632,4105.814,2311.765,1855.987,3122.121,849.6603,1934.253,2111.338,3010.93,956.2556,3123.392,1853.331,2873.35,1582.68,2440.956,975.4518,2896.013,2357.476,2359.974,3239.796
"2026-10-01 08:00:00",4598,"NAN",11.89,2974.511,2156.461,3943.194,1113.055,2245.733,2434.042,3768.836,1219.154,3913.322,2149.155,3657.994,1859.53,3391.289,1248.381,3677.149,3050.463,3296.635,4104.152,2349.708,1859.479,3127.73,849.632,1937.807,2108.814,2980.29,952.7207,3095.383,1851.618,2868.847,1578.05,2516.516,978.0964,2902.31,2355.043,2372.639,3229.778
"2026-10-01 08:15:00",4599,"NAN",11.86,2973.683,2153.972,3941.377,1111.08,2246.847,2429.271,3767.915,1214.503,3907.064,2144.223,3652.04,1850.043,3391.679,1249.018,3672.077,3045.565,3295.269,4095.569,2553.231,1861.736,3125.826,848.9237,1940.536,2107.289,2973.216,949.741,3089.503,1847.688,2869.631,1570.801,2452.286,978.7391,2887.11,2336.088,2349.91,3235.944
"2026-10-01 08:30:00",4600,"NAN",11.83,2978.495,2151.835,3941.225,1110.16,2250.423,2425.01,3767.043,1211.004,3904.906,2139.978,3649.823,1843.337,3393.872,1249.103,3670.615,3048.551,3297.989,4089.787,2372.857,1856.294,3132.655,847.6718,1942.591,2101.154,2986.166,945.9738,3085.357,1844.726,2861.684,1563.16,2478.759,979.001,2897.31,2365.934,2378.819,3221.688
"2026-10-01 08:45:00",4601,"NAN",11.88,2978.439,2153.124,3942.566,1108,2253.058,2420.188,3765.86,1206.211,3897.406,2134.166,3649.603,1834.616,3397.417,1248.491,3666.296,3038.234,3298.542,4082.414,2363.581,1857.349,3150.622,845.7335,1945.045,2097.856,2979.222,940.9774,3117.856,1838.988,2871.66,1555.329,2464.074,978.0475,2882.604,2293.949,2380.702,3228.738
"2026-10-01 09:00:00",4602,"NAN",11.88,2980.434,2149.231,3942.165,1106.518,2255.655,2414.398,3766.541,1201.038,3896.851,2130.087,3648.606,1825.52,3398.442,1248.497,3662.98,3027.72,3297.419,4068.8,2309.364,1853.184,3115.784,843.4379,1946.773,2092.99,2968.569,935.3084,3079.912,1835.012,2869.481,1545.934,2509.837,978.6271,2874.252,2365.928,2424.849,3214.652
"2026-10-01 09:15:00",4603,"NAN",11.88,2977.71,2133.461,3938.594,1102.541,2258.072,2413.542,3767.163,1195.257,3889.208,2127.61,3642.829,1816.076,3400.7,1249.56,3657.118,3020.297,3296.484,4062.498,2293.456,1837.33,3114.616,839.8456,1949.245,2093.349,2992.994,929.754,3109.837,1833.185,2863.189,1537.346,2458.516,978.1505,2855.633,2364.424,2349.985,3200.612
"2026-10-01 09:30:00",4604,"NAN",11.89,2978.847,2123.466,3935.92,1099.363,2263.051,2410.028,3764.531,1190.286,3877.161,2127.667,3638.242,1807.63,3402.555,1253.633,3651.726,3013.568,3292.88,4051.286,2308.399,1828.666,3110.83,836.1196,1953.32,2089.281,2998.711,924.2887,3065.723,1832.516,2834.823,1527.176,2507.402,983.2719,2871.252,2541.317,2353.646,3220.725
"2026-10-01 09:45:00",4605,"NAN",11.88,2977.37,2112.06,3936.998,1096.409,2270.444,2407.571,3762.993,1183.883,3870.348,2134.427,3636.063,1795.831,3407.919,1260.972,3647.831,3008.071,3289.69,4040.917,2558.125,1821.486,3139.518,833.8102,1960.341,2087.152,2967.297,917.9354,3068.073,1839.323,2846.177,1516.245,2486.006,990.226,2866.614,2369.778,2440.729,3197.666
"2026-10-01 10:00:00",4606,"NAN",11.88,2973.756,2102.054,3935.79,1095.974,2281.134,2409.635,3761.762,1178.22,3870.021,2146.677,3631.277,1781.471,3414.944,1270.385,3649.475,3004.774,3287.054,4036.974,2333.635,1809.223,3131.573,832.6265,1969.996,2087.508,2988.168,912.5524,3071.428,1848.983,2842.123,1502.997,2494.027,998.215,2857.119,2297.269,2375.26,3210.529
"2026-10-01 10:15:00",4607,"NAN",11.89,2971.944,2085.939,3932.575,1096.349,2297.402,2417.881,3758.178,1172.132,3866.697,2161.157,3634.66,1765.913,3424.117,1282.962,3650.118,3005.208,3285.06,4032.867,2405.669,1795.78,3108.807,832.5837,1984.09,2094.746,2963.987,906.0663,3069.478,1862.323,2830.349,1487.173,2461.584,1010.029,2864.944,2468.529,2380.878,3190.132
"2026-10-01 10:30:00",4608,"NAN",11.89,2968.452,2067.963,3925.808,1099.914,2317.851,2426.36,3754.623,1166.099,3862.996,2180.036,3542.801,1736.046,3432.591,1292.328,3654.014,2995.139,3277.365,4024.608,2532.61,1779.425,3096.429,835.5328,2002.04,2102.414,2978.355,899.8102,3055.111,1879.698,2779.384,1457.303,2533.966,1019.182,2860.425,2530.319,2350.198,3173.001
"2026-10-01 10:45:00",4609,"NAN",11.89,2968.37,2059.037,3927.454,1107.052,2343.404,2438.351,3751.718,1160.632,3869.382,2207.625,3638.528,1736.777,3440.055,1296.798,3659.987,2990.35,3279.77,4014.429,2460.284,1770.21,3124.34,842.4365,2025.361,2114.506,2963.556,893.4542,3076.915,1904.18,2848.423,1458.156,2546.169,1023.694,2861.24,2542.639,2380.597,3192.312
"2026-10-01 11:00:00",4610,"NAN",11.88,2963.742,1994.189,3934.971,1094.623,2332.101,2394.975,3745.129,1144.732,3910.591,2166.529,3663.126,1713.747,3440.335,1271.918,3682.903,2940.44,3279.112,3977.308,2387.984,1709.325,3125.424,830.941,2015.689,2076.424,2955.657,878.549,3090.003,1867.853,2859.002,1436.292,2559.948,1000.62,2893.409,2431.704,2356.062,3157.974
"2026-10-01 11:15:00",4611,"NAN",11.89,2950.882,1963.113,3926.374,1083.537,2317.319,2360,3737.782,1134.887,3903.95,2138.387,3652.697,1706.773,3430.543,1254.623,3668.524,2906.334,3277.211,3932.211,2556.578,1683.283,3104.005,820.0615,2003.152,2045.671,2955.611,869.5658,3079.337,1842.677,2863.518,1430.725,2495.198,982.3658,2877.409,2470.979,2377.719,3146.716
"2026-10-01 11:30:00",4612,"NAN",11.89,2942.116,1954.25,3912.707,1081.993,2308.314,2342.673,3728.595,1130.307,3872.98,2129.787,3630.44,1706.644,3420.181,1248.694,3644.939,2890.935,3263.666,3904.123,2333.594,1671.435,3096.359,817.91,1994.559,2030.02,2941.211,864.927,3082.154,1833.334,2821.219,1430.632,2466.331,975.8004,2852.587,2427.581,2382.671,3083.507
"2026-10-01 11:45:00",4613,"NAN",11.89,2940.79,1963.565,3908.673,1110.317,2341.032,2390.121,3724.75,1131.624,3861.518,2188.917,3626.59,1713.296,3424.449,1273.786,3636.559,2918.49,3259.345,3905.76,2442.29,1681.455,3079.396,845.1038,2022.488,2071.506,2928.805,865.2666,3066.829,1887.46,2831.729,1436.573,2540.201,1000.998,2844.737,2341.228,2384.575,3091.702
"2026-10-01 12:00:00",4614,"NAN",11.88,2932.106,1918.834,3920.415,1094.122,2325.978,2356.17,3719.84,1117.356,3905.344,2144.514,3651.858,1690.771,3423.916,1251.921,3654.512,2871.615,3257.992,3888.057,2314.62,1637.72,3105.272,830.1724,2010.565,2043.124,2919.13,851.9408,3102.526,1847.714,2859.823,1415.399,2481.941,979.4177,2863.547,2460.066,2424.5,3086.223
"2026-10-01 12:15:00",4615,"NAN",11.89,2921.346,1899.683,3914.521,1086.624,2311.705,2330.059,3712.137,1109.964,3897.217,2121.01,3644.552,1685.592,3414.464,1238.58,3643.593,2856.065,3250.849,3851.495,2386.147,1620.863,3089.008,822.6519,1998.203,2019.327,2912.9,843.8718,3088.72,1825.343,2850.375,1410,2480.81,966.2824,2838.05,2429.489,2431.438,3041.198
"2026-10-01 12:30:00",4616,"NAN",11.89,2908.64,1873.914,3912.753,1076.37,2295.373,2301.831,3706.833,1101.116,3898.792,2094.625,3640.239,1679.4,3406.291,1224.132,3633.718,2828.148,3246.424,3831.869,2330.757,1595.548,3087.59,813.2205,1983.321,1994.118,2920.213,836.104,3083.354,1801.455,2818.712,1404.253,2409.599,951.3423,2821.636,2407.657,2368.006,3033.804
"2026-10-01 12:45:00",4617,"NAN",11.89,2901.391,1843.388,3919.624,1068.663,2278.553,2274.459,3700.098,1087.124,3902.179,2062.822,3636.429,1667.906,3398.977,1208.211,3631.734,2814.421,3244.23,3820.242,2519.687,1569.688,3115.656,805.3627,1967.311,1968.344,2912.974,822.1182,3083.353,1770.954,2821.615,1392.934,2452.023,936.4509,2812.675,2412.909,2421.677,3022.708
"2026-10-01 13:00:00",4618,"NAN",11.89,2888.519,1797.373,3921.625,1059.239,2263.971,2256.233,3697.65,1074.317,3900.562,2037.617,3632.669,1658.949,3388.483,1194.509,3623.225,2796.053,3242.186,3803.179,2396.001,1524.713,3117.413,796.2645,1955.45,1951.531,2909.178,809.6029,3099.799,1748.742,2838.405,1384.398,2499.401,924.3372,2814.644,2398.032,2398.617,3010.063
"2026-10-01 13:15:00",4619,"NAN",11.79,2880.151,1766.992,3913.332,1052.434,2249.266,2239.832,3689.517,1069.407,3892.257,2024.992,3623.427,1664.987,3374.645,1188.538,3613.772,2788.288,3234.362,3801.079,2507.636,1499.353,3115.519,790.931,1943.801,1937.802,2901.446,806.4844,3098.522,1737.674,2811.956,1391.604,2518.171,920.2892,2818.755,2402.604,2385.153,3020.614
"2026-10-01 13:30:00",4620,"NAN",11.89,2871.426,1738.803,3907.863,1048.778,2235.644,2229.329,3684.521,1063.609,3882.103,2013.636,3616.088,1666.57,3365.192,1183.271,3605.862,2785.63,3231.046,3801.051,2397.859,1472.043,3091.325,788.9111,1932.443,1930.735,2895.665,802.4026,3095.508,1726.397,2823.641,1395.433,2421.452,915.4071,2788.146,2400.163,2348.103,3016.274
"2026-10-01 13:45:00",4621,"NAN",11.88,2864.977,1733.472,3900.43,1048.003,2223.862,2224.878,3678.062,1061.904,3873.107,2007.627,3609.055,1678.714,3355.534,1184.861,3598.332,2790.682,3225.787,3807.663,2393.23,1468.139,3095.58,789.0155,1921.181,1926.259,2887.768,801.5112,3066.045,1722.844,2794.046,1407.941,2485.132,918.5786,2792.875,2407.094,2352.242,3043.593
